Channel 1,Channel 2,Channel 3
0.000040,4.873000,0.005000
0.006740,4.883000,0.342000
0.013428,4.888000,0.645000
0.020124,4.897000,0.929000
0.026812,4.907000,1.193000
0.033504,4.907000,1.437000
0.040188,4.917000,1.662000
0.046880,4.922000,1.882000
0.053568,4.922000,2.077000
0.060260,4.927000,2.263000
0.066952,4.932000,2.444000
0.073636,4.941000,2.600000
0.080332,4.941000,2.752000
0.087020,4.946000,2.898000
0.093712,4.946000,3.035000
0.100400,4.956000,3.148000
0.107092,4.956000,3.275000
0.113780,4.961000,3.382000
0.120476,4.966000,3.475000
0.127164,4.966000,3.583000
0.133856,4.966000,3.671000
0.140540,4.971000,3.744000
0.147236,4.971000,3.822000
0.153920,4.971000,3.905000
0.160612,4.971000,3.964000
0.167304,4.971000,4.042000
0.173988,4.976000,4.096000
0.180684,4.980000,4.140000
0.187368,4.971000,4.213000
0.194060,4.971000,4.252000
0.200748,4.980000,4.291000
0.207440,4.980000,4.345000
0.214128,4.980000,4.394000
0.220820,4.985000,4.413000
0.227508,4.985000,4.453000
0.234200,4.985000,4.492000
0.240888,4.985000,4.511000
0.247580,4.985000,4.550000
0.254268,4.985000,4.570000
0.260960,4.985000,4.594000
0.267644,4.990000,4.629000
0.274336,4.985000,4.653000
0.281028,4.990000,4.658000
0.287716,4.990000,4.692000
0.294408,4.990000,4.707000
0.301092,4.990000,4.712000
0.307784,4.990000,4.746000
0.314472,4.990000,4.751000
0.321164,4.995000,4.756000
0.327848,4.990000,4.790000
0.334540,4.990000,4.790000
0.341228,4.995000,4.795000
0.347920,4.990000,4.824000
0.354604,4.995000,4.824000
0.361296,4.995000,4.829000
0.367984,4.995000,4.848000
0.374676,4.995000,4.848000
0.381368,5.000000,4.853000
0.388052,4.995000,4.868000
0.394744,4.995000,4.873000
0.401432,4.995000,4.868000
0.408124,4.995000,4.892000
0.414808,4.995000,4.892000
0.421500,4.995000,4.888000
0.428188,4.995000,4.917000
0.434880,5.000000,4.897000
0.441564,4.995000,4.907000
0.448256,4.995000,4.927000
0.454944,4.995000,4.922000
0.461636,4.995000,4.927000
0.468320,4.995000,4.941000
0.475012,4.995000,4.932000
0.481704,4.995000,4.927000
0.488388,4.995000,4.946000
0.495080,5.000000,4.941000
0.501768,4.995000,4.941000
0.508460,4.995000,4.961000
0.515144,4.995000,4.941000
0.521836,4.995000,4.946000
0.528524,4.995000,4.966000
0.535216,0.103000,4.941000
0.541904,0.088000,4.604000
0.548592,0.083000,4.316000
0.555280,0.078000,4.018000
0.561968,0.073000,3.754000
0.568656,0.068000,3.514000
0.575344,0.064000,3.280000
0.582036,0.059000,3.065000
0.588720,0.054000,2.874000
0.595412,0.054000,2.688000
0.602096,0.044000,2.507000
0.608788,0.044000,2.351000
0.615472,0.034000,2.195000
0.622164,0.034000,2.048000
0.628848,0.034000,1.921000
0.635540,0.034000,1.799000
0.642224,0.029000,1.681000
0.648916,0.029000,1.579000
0.655600,0.024000,1.466000
0.662292,0.020000,1.373000
0.668976,0.020000,1.285000
0.675668,0.020000,1.207000
0.682352,0.015000,1.129000
0.689044,0.015000,1.056000
0.695736,0.015000,0.992000
0.702420,0.015000,0.924000
0.709112,0.015000,0.865000
0.715796,0.010000,0.811000
0.722488,0.010000,0.762000
0.729172,0.005000,0.714000
0.735864,0.005000,0.665000
0.742548,0.005000,0.621000
0.749240,0.005000,0.587000
0.755924,0.005000,0.547000
0.762616,0.005000,0.513000
0.769300,0.005000,0.484000
0.775992,0.000000,0.450000
0.782676,0.000000,0.425000
0.789368,0.000000,0.396000
0.796056,0.000000,0.371000
0.802740,0.000000,0.347000
0.809432,0.000000,0.327000
0.816116,0.000000,0.308000
0.822808,0.000000,0.288000
0.829492,0.000000,0.274000
0.836184,0.000000,0.249000
0.842868,0.000000,0.235000
0.849560,0.000000,0.225000
0.856244,0.000000,0.210000
0.862936,0.000000,0.191000
0.869620,0.000000,0.186000
0.876312,0.000000,0.171000
0.882996,0.000000,0.156000
0.889688,0.000000,0.152000
0.896372,0.000000,0.142000
0.903064,0.000000,0.132000
0.909752,0.000000,0.122000
0.916440,0.000000,0.117000
0.923128,0.000000,0.112000
0.929816,0.000000,0.098000
0.936504,0.000000,0.093000
0.943192,0.000000,0.088000
0.949880,0.000000,0.083000
0.956568,0.000000,0.078000
0.963256,0.000000,0.073000
0.969944,0.000000,0.073000
0.976632,0.000000,0.064000
0.983320,0.000000,0.059000
0.990008,0.000000,0.059000
0.996696,0.000000,0.054000
1.003384,0.000000,0.054000
1.010072,0.000000,0.044000
1.016756,0.000000,0.039000
1.023448,0.000000,0.034000
1.030132,0.000000,0.034000
1.036824,0.000000,0.034000
1.043508,0.000000,0.034000
1.050200,0.000000,0.034000
1.056884,0.000000,0.029000
1.063572,0.000000,0.029000
0.000040,4.868000,0.005000
0.006736,4.878000,0.337000
0.013428,4.892000,0.640000
0.020116,4.902000,0.934000
0.026804,4.907000,1.188000
0.033496,4.907000,1.437000
0.040184,4.917000,1.672000
0.046876,4.922000,1.877000
0.053560,4.927000,2.077000
0.060252,4.932000,2.268000
0.066940,4.936000,2.439000
0.073632,4.941000,2.600000
0.080320,4.941000,2.757000
0.087016,4.946000,2.898000
0.093700,4.946000,3.030000
0.100396,4.951000,3.162000
0.107080,4.956000,3.275000
0.113776,4.961000,3.387000
0.120468,4.961000,3.475000
0.127156,4.966000,3.573000
0.133848,4.966000,3.656000
0.140536,4.966000,3.754000
0.147228,4.966000,3.822000
0.153916,4.971000,3.891000
0.160608,4.971000,3.974000
0.167292,4.971000,4.027000
0.173988,4.976000,4.086000
0.180672,4.976000,4.150000
0.187364,4.980000,4.198000
0.194052,4.980000,4.238000
0.200744,4.980000,4.306000
0.207432,4.985000,4.330000
0.214124,4.985000,4.365000
0.220816,4.985000,4.413000
0.227504,4.985000,4.443000
0.234196,4.985000,4.472000
0.240884,4.985000,4.516000
0.247576,4.985000,4.531000
0.254260,4.985000,4.560000
0.260956,4.985000,4.599000
0.267640,4.985000,4.614000
0.274332,4.985000,4.633000
0.281016,4.985000,4.673000
0.287708,4.985000,4.673000
0.294396,4.990000,4.697000
0.301088,4.990000,4.731000
0.307772,4.990000,4.731000
0.314464,4.990000,4.746000
0.321156,4.990000,4.770000
0.327840,4.995000,4.775000
0.334532,4.995000,4.785000
0.341220,4.995000,4.814000
0.347908,4.995000,4.814000
0.354596,4.995000,4.824000
0.361288,4.995000,4.848000
0.367972,4.990000,4.844000
0.374664,4.990000,4.853000
0.381352,4.995000,4.863000
0.388044,4.995000,4.863000
0.394728,4.995000,4.868000
0.401420,4.995000,4.892000
0.408108,4.995000,4.883000
0.414800,4.995000,4.892000
0.421484,4.995000,4.912000
0.428176,4.990000,4.907000
0.434868,4.995000,4.907000
0.441556,4.995000,4.932000
0.448248,4.995000,4.922000
0.454932,4.995000,4.927000
0.461624,4.995000,4.941000
0.468312,4.995000,4.932000
0.475004,4.995000,4.936000
0.481688,4.995000,4.888000
0.488380,4.995000,4.927000
0.495068,5.000000,4.932000
0.501760,4.995000,4.956000
0.508444,4.995000,4.941000
0.515136,4.995000,4.946000
0.521824,4.995000,4.966000
0.528516,4.995000,4.946000
0.535208,0.132000,4.946000
0.541896,0.093000,4.624000
0.548584,0.083000,4.301000
0.555272,0.078000,4.027000
0.561960,0.073000,3.768000
0.568648,0.068000,3.514000
0.575336,0.064000,3.280000
0.582024,0.059000,3.084000
0.588712,0.059000,2.874000
0.595400,0.049000,2.688000
0.602088,0.044000,2.517000
0.608776,0.044000,2.351000
0.615464,0.034000,2.199000
0.622152,0.034000,2.063000
0.628840,0.034000,1.926000
0.635528,0.034000,1.799000
0.642212,0.029000,1.686000
0.648904,0.029000,1.579000
0.655588,0.024000,1.476000
0.662280,0.020000,1.383000
0.668964,0.020000,1.285000
0.675656,0.020000,1.212000
0.682340,0.015000,1.129000
0.689032,0.015000,1.056000
0.695716,0.015000,0.992000
0.702408,0.015000,0.934000
0.709092,0.015000,0.870000
0.715784,0.015000,0.816000
0.722468,0.010000,0.762000
0.729160,0.005000,0.714000
0.735844,0.005000,0.670000
0.742536,0.005000,0.621000
0.749224,0.005000,0.587000
0.755912,0.005000,0.547000
0.762600,0.005000,0.513000
0.769288,0.005000,0.484000
0.775976,0.000000,0.450000
0.782664,0.000000,0.430000
0.789352,0.000000,0.396000
0.796040,0.000000,0.371000
0.802728,0.000000,0.347000
0.809416,0.000000,0.327000
0.816104,0.005000,0.308000
0.822792,0.000000,0.288000
0.829480,0.000000,0.274000
0.836168,0.000000,0.249000
0.842856,0.000000,0.235000
0.849544,0.000000,0.225000
0.856228,0.000000,0.210000
0.862920,0.000000,0.191000
0.869604,0.000000,0.186000
0.876296,0.000000,0.171000
0.882980,0.000000,0.156000
0.889672,0.000000,0.152000
0.896356,0.000000,0.142000
0.903048,0.000000,0.132000
0.909732,0.000000,0.122000
0.916424,0.000000,0.117000
0.923108,0.000000,0.112000
0.929800,0.000000,0.098000
0.936484,0.000000,0.093000
0.943176,0.000000,0.093000
0.949860,0.000000,0.083000
0.956552,0.000000,0.078000
0.963240,0.000000,0.073000
0.969928,0.000000,0.068000
0.976616,0.000000,0.064000
0.983304,0.000000,0.059000
0.989992,0.000000,0.059000
0.996680,0.000000,0.054000
1.003368,0.000000,0.054000
1.010056,0.000000,0.049000
1.016744,0.000000,0.044000
1.023432,0.000000,0.039000
1.030120,0.000000,0.034000
1.036808,0.000000,0.034000
1.043496,0.000000,0.034000
1.050184,0.000000,0.034000
1.056872,0.000000,0.034000
1.063556,0.000000,0.024000
0.000040,4.868000,0.000000
0.006736,4.883000,0.332000
0.013428,4.888000,0.640000
0.020116,4.897000,0.929000
0.026812,4.907000,1.188000
0.033496,4.912000,1.442000
0.040188,4.917000,1.672000
0.046876,4.922000,1.877000
0.053568,4.927000,2.087000
0.060252,4.932000,2.263000
0.066944,4.936000,2.439000
0.073632,4.932000,2.615000
0.080320,4.946000,2.752000
0.087012,4.946000,2.889000
0.093700,4.946000,3.040000
0.100396,4.956000,3.157000
0.107084,4.956000,3.270000
0.113776,4.956000,3.377000
0.120464,4.961000,3.475000
0.127156,4.966000,3.573000
0.133844,4.966000,3.666000
0.140540,4.966000,3.754000
0.147224,4.966000,3.822000
0.153920,4.966000,3.905000
0.160604,4.971000,3.964000
0.167296,4.971000,4.022000
0.173984,4.976000,4.096000
0.180672,4.976000,4.140000
0.187364,4.980000,4.184000
0.194052,4.980000,4.238000
0.200744,4.980000,4.282000
0.207428,4.980000,4.321000
0.214120,4.985000,4.379000
0.220808,4.985000,4.413000
0.227500,4.985000,4.448000
0.234188,4.985000,4.497000
0.240880,4.985000,4.516000
0.247568,4.985000,4.541000
0.254260,4.985000,4.580000
0.260948,4.985000,4.594000
0.267640,4.985000,4.604000
0.274324,4.990000,4.653000
0.281012,4.990000,4.658000
0.287704,4.990000,4.682000
0.294388,4.990000,4.712000
0.301080,4.990000,4.653000
0.307768,4.990000,4.697000
0.314460,4.990000,4.751000
0.321144,4.995000,4.756000
0.327836,4.995000,4.775000
0.334524,4.990000,4.800000
0.341216,4.995000,4.804000
0.347900,4.995000,4.814000
0.354592,4.995000,4.839000
0.361280,4.995000,4.834000
0.367972,4.985000,4.844000
0.374656,4.995000,4.853000
0.381348,4.995000,4.853000
0.388040,4.995000,4.863000
0.394724,4.995000,4.888000
0.401416,4.995000,4.883000
0.408104,4.995000,4.883000
0.414796,4.995000,4.917000
0.421480,4.990000,4.907000
0.428172,4.995000,4.917000
0.434860,4.995000,4.922000
0.441552,4.995000,4.912000
0.448236,4.995000,4.917000
0.454928,4.995000,4.941000
0.461616,4.995000,4.927000
0.468308,4.995000,4.927000
0.474992,4.990000,4.941000
0.481684,4.995000,4.941000
0.488376,4.995000,4.946000
0.495060,4.995000,4.946000
0.501752,4.995000,4.927000
0.508440,4.995000,4.932000
0.515132,4.995000,4.956000
0.521816,4.995000,4.941000
0.528508,4.995000,4.946000
0.535196,0.103000,4.956000
0.541888,0.093000,4.604000
0.548572,0.083000,4.306000
0.555264,0.078000,4.032000
0.561948,0.073000,3.754000
0.568640,0.068000,3.514000
0.575324,0.064000,3.289000
0.582016,0.064000,3.069000
0.588704,0.054000,2.874000
0.595388,0.054000,2.693000
0.602080,0.044000,2.507000
0.608764,0.044000,2.351000
0.615456,0.034000,2.204000
0.622140,0.034000,2.053000
0.628832,0.034000,1.921000
0.635516,0.034000,1.804000
0.642208,0.029000,1.686000
0.648892,0.029000,1.574000
0.655584,0.024000,1.486000
0.662268,0.020000,1.369000
0.668960,0.024000,1.285000
0.675644,0.015000,1.212000
0.682336,0.015000,1.129000
0.689020,0.015000,1.056000
0.695712,0.015000,0.992000
0.702400,0.015000,0.929000
0.709088,0.015000,0.870000
0.715776,0.010000,0.816000
0.722464,0.005000,0.762000
0.729152,0.005000,0.714000
0.735840,0.005000,0.679000
0.742528,0.005000,0.621000
0.749216,0.005000,0.587000
0.755904,0.005000,0.552000
0.762592,0.005000,0.513000
0.769280,0.005000,0.484000
0.775968,0.005000,0.455000
0.782656,0.000000,0.430000
0.789344,0.000000,0.396000
0.796032,0.000000,0.371000
0.802720,0.000000,0.347000
0.809404,0.000000,0.327000
0.816096,0.000000,0.308000
0.822780,0.000000,0.288000
0.829472,0.000000,0.269000
0.836156,0.000000,0.254000
0.842848,0.000000,0.235000
0.849532,0.000000,0.225000
0.856224,0.000000,0.210000
0.862908,0.000000,0.191000
0.869600,0.000000,0.186000
0.876284,0.000000,0.171000
0.882976,0.000000,0.161000
0.889660,0.000000,0.152000
0.896352,0.000000,0.142000
0.903036,0.000000,0.137000
0.909728,0.000000,0.122000
0.916416,0.000000,0.117000
0.923104,0.000000,0.108000
0.929792,0.000000,0.103000
0.936480,0.000000,0.093000
0.943168,0.000000,0.088000
0.949856,0.000000,0.083000
0.956544,0.000000,0.078000
0.963232,0.000000,0.073000
0.969920,0.000000,0.068000
0.976608,0.000000,0.064000
0.983296,0.000000,0.064000
0.989984,0.000000,0.059000
0.996672,0.000000,0.054000
1.003360,0.000000,0.054000
1.010048,0.000000,0.054000
1.016736,0.000000,0.044000
1.023420,0.000000,0.039000
1.030112,0.000000,0.034000
1.036796,0.000000,0.034000
1.043488,0.000000,0.034000
1.050172,0.000000,0.034000
1.056860,0.000000,0.029000
1.063544,0.000000,0.029000
0.000040,4.853000,0.000000
0.006740,4.878000,0.342000
0.013428,4.892000,0.640000
0.020124,4.902000,0.929000
0.026816,4.902000,1.193000
0.033504,4.912000,1.437000
0.040196,4.922000,1.672000
0.046880,4.922000,1.887000
0.053572,4.927000,2.077000
0.060260,4.932000,2.263000
0.066952,4.932000,2.458000
0.073636,4.941000,2.600000
0.080332,4.941000,2.757000
0.087020,4.941000,2.908000
0.093712,4.951000,3.035000
0.100400,4.956000,3.148000
0.107092,4.956000,3.280000
0.113780,4.961000,3.387000
0.120472,4.966000,3.475000
0.127168,4.966000,3.587000
0.133852,4.966000,3.675000
0.140548,4.966000,3.759000
0.147232,4.966000,3.847000
0.153924,4.971000,3.905000
0.160612,4.966000,3.964000
0.167304,4.971000,4.032000
0.173992,4.980000,4.101000
0.180684,4.976000,4.150000
0.187372,4.980000,4.223000
0.194064,4.980000,4.242000
0.200748,4.980000,4.296000
0.207444,4.980000,4.291000
0.214128,4.980000,4.374000
0.220824,4.985000,4.413000
0.227508,4.985000,4.472000
0.234196,4.985000,4.413000
0.240888,4.985000,4.516000
0.247572,4.985000,4.457000
0.254268,4.985000,4.482000
0.260952,4.985000,4.506000
0.267648,4.985000,4.545000
0.274332,4.980000,4.565000
0.281024,4.985000,4.589000
0.287712,4.985000,4.619000
0.294404,4.985000,4.633000
0.301088,4.990000,4.663000
0.307780,4.990000,4.687000
0.314468,4.990000,4.692000
0.321160,4.990000,4.712000
0.327844,4.990000,4.741000
0.334528,4.995000,4.746000
0.341220,4.990000,4.761000
0.347908,4.990000,4.780000
0.354600,4.990000,4.785000
0.361284,4.995000,4.800000
0.367976,4.995000,4.814000
0.374664,4.985000,4.819000
0.381356,4.990000,4.829000
0.388040,4.995000,4.844000
0.394732,4.995000,4.848000
0.401420,4.995000,4.853000
0.408112,4.995000,4.873000
0.414796,4.995000,4.863000
0.421488,4.995000,4.873000
0.428176,4.990000,4.888000
0.434868,4.990000,4.883000
0.441560,4.995000,4.897000
0.448244,4.995000,4.907000
0.454936,4.995000,4.907000
0.461620,4.995000,4.907000
0.468312,4.995000,4.922000
0.475000,4.995000,4.917000
0.481692,4.995000,4.922000
0.488376,4.995000,4.932000
0.495068,5.000000,4.927000
0.501756,4.995000,4.932000
0.508448,4.995000,4.941000
0.515132,4.995000,4.932000
0.521824,4.990000,4.941000
0.528512,4.995000,4.951000
0.535208,0.098000,4.932000
0.541896,0.093000,4.599000
0.548584,0.083000,4.301000
0.555272,0.073000,4.013000
0.561960,0.073000,3.754000
0.568648,0.068000,3.509000
0.575336,0.064000,3.275000
0.582024,0.059000,3.065000
0.588712,0.054000,2.869000
0.595400,0.049000,2.674000
0.602088,0.044000,2.502000
0.608776,0.044000,2.346000
0.615464,0.034000,2.190000
0.622152,0.034000,2.048000
0.628840,0.034000,1.916000
0.635528,0.034000,1.794000
0.642220,0.029000,1.681000
0.648904,0.029000,1.569000
0.655596,0.024000,1.466000
0.662280,0.020000,1.373000
0.668972,0.020000,1.285000
0.675656,0.020000,1.202000
0.682348,0.020000,1.129000
0.689032,0.015000,1.056000
0.695724,0.015000,0.982000
0.702408,0.015000,0.924000
0.709100,0.010000,0.865000
0.715784,0.005000,0.811000
0.722476,0.010000,0.762000
0.729160,0.005000,0.709000
0.735852,0.005000,0.660000
0.742536,0.005000,0.621000
0.749228,0.005000,0.587000
0.755920,0.005000,0.547000
0.762604,0.005000,0.513000
0.769296,0.005000,0.479000
0.775980,0.000000,0.450000
0.782672,0.000000,0.425000
0.789356,0.000000,0.396000
0.796048,0.000000,0.371000
0.802732,0.000000,0.347000
0.809424,0.000000,0.327000
0.816108,0.000000,0.303000
0.822800,0.000000,0.288000
0.829484,0.000000,0.269000
0.836176,0.000000,0.249000
0.842860,0.000000,0.235000
0.849552,0.000000,0.220000
0.856240,0.000000,0.210000
0.862924,0.000000,0.191000
0.869616,0.000000,0.186000
0.876300,0.000000,0.171000
0.882992,0.000000,0.161000
0.889676,0.000000,0.152000
0.896368,0.000000,0.142000
0.903052,0.000000,0.132000
0.909744,0.000000,0.127000
0.916428,0.000000,0.117000
0.923120,0.000000,0.112000
0.929804,0.000000,0.098000
0.936496,0.000000,0.093000
0.943184,0.000000,0.088000
0.949876,0.000000,0.083000
0.956560,0.000000,0.078000
0.963252,0.000000,0.073000
0.969944,0.000000,0.068000
0.976632,0.000000,0.064000
0.983324,0.000000,0.064000
0.990012,0.000000,0.059000
0.996704,0.000000,0.054000
1.003388,0.000000,0.054000
1.010084,0.000000,0.044000
1.016768,0.000000,0.044000
1.023460,0.000000,0.039000
1.030148,0.000000,0.034000
1.036840,0.000000,0.034000
1.043528,0.000000,0.034000
1.050220,0.000000,0.029000
1.056904,0.000000,0.029000
1.063596,0.000000,0.029000
0.000044,4.868000,0.000000
0.006744,4.883000,0.332000
0.013432,4.892000,0.640000
0.020128,4.902000,0.934000
0.026816,4.907000,1.188000
0.033512,4.912000,1.437000
0.040196,4.912000,1.667000
0.046892,4.922000,1.877000
0.053576,4.927000,2.077000
0.060272,4.932000,2.273000
0.066956,4.932000,2.439000
0.073648,4.941000,2.600000
0.080340,4.941000,2.757000
0.087032,4.946000,2.898000
0.093724,4.951000,3.030000
0.100412,4.951000,3.172000
0.107108,4.956000,3.280000
0.113796,4.961000,3.382000
0.120492,4.961000,3.500000
0.127180,4.966000,3.583000
0.133876,4.966000,3.675000
0.140564,4.966000,3.768000
0.147260,4.966000,3.832000
0.153948,4.971000,3.905000
0.160640,4.971000,3.988000
0.167336,4.971000,4.042000
0.174024,4.976000,4.101000
0.180716,4.971000,4.164000
0.187404,4.980000,4.198000
0.194100,4.985000,4.242000
0.200788,4.980000,4.306000
0.207480,4.980000,4.340000
0.214168,4.985000,4.379000
0.220864,4.985000,4.428000
0.227548,4.985000,4.453000
0.234244,4.985000,4.482000
0.240932,4.985000,4.531000
0.247624,4.985000,4.550000
0.254312,4.985000,4.575000
0.261008,4.985000,4.619000
0.267700,4.985000,4.624000
0.274388,4.990000,4.648000
0.281080,4.985000,4.682000
0.287768,4.990000,4.697000
0.294460,4.990000,4.707000
0.301148,4.990000,4.731000
0.307840,4.990000,4.726000
0.314528,4.990000,4.751000
0.321220,4.990000,4.785000
0.327908,4.985000,4.785000
0.334600,4.985000,4.800000
0.341288,4.990000,4.834000
0.347980,4.995000,4.829000
0.354668,4.995000,4.839000
0.361360,4.995000,4.878000
0.368056,4.995000,4.858000
0.374740,4.995000,4.868000
0.381436,4.995000,4.902000
0.388120,4.995000,4.878000
0.394816,4.995000,4.902000
0.401500,4.995000,4.956000
0.408196,4.990000,4.868000
0.414880,4.995000,4.873000
0.421576,4.995000,4.897000
0.428260,4.995000,4.917000
0.434956,4.995000,4.980000
0.441640,5.000000,5.000000
0.448336,4.995000,4.932000
0.455020,4.995000,4.966000
0.461716,4.995000,5.000000
0.468408,4.995000,5.000000
0.475096,5.000000,5.000000
0.481788,5.000000,5.000000
0.488476,4.995000,5.000000
0.495168,4.995000,4.980000
0.501856,4.995000,4.985000
0.508548,5.000000,5.000000
0.515236,4.995000,5.000000
0.521928,4.995000,4.946000
0.528616,4.995000,4.888000
0.535312,0.098000,4.883000
0.541996,0.093000,4.565000
0.548688,0.083000,4.252000
0.555376,0.078000,3.993000
0.562068,0.078000,3.812000
0.568760,0.068000,3.539000
0.575444,0.064000,3.265000
0.582136,0.059000,3.104000
0.588824,0.054000,2.830000
0.595516,0.054000,2.649000
0.602200,0.039000,2.483000
0.608892,0.039000,2.307000
0.615580,0.034000,2.165000
0.622272,0.034000,2.028000
0.628956,0.034000,1.891000
0.635648,0.029000,1.769000
0.642336,0.029000,1.657000
0.649028,0.029000,1.544000
0.655712,0.020000,1.447000
0.662404,0.020000,1.359000
0.669096,0.015000,1.266000
0.675784,0.015000,1.188000
0.682476,0.015000,1.109000
0.689160,0.015000,1.036000
0.695852,0.015000,0.973000
0.702540,0.015000,0.914000
0.709232,0.010000,0.855000
0.715916,0.010000,0.797000
0.722608,0.005000,0.748000
0.729296,0.010000,0.699000
0.735988,0.005000,0.660000
0.742672,0.005000,0.616000
0.749364,0.005000,0.577000
0.756052,0.005000,0.543000
0.762744,0.005000,0.503000
0.769436,0.005000,0.474000
0.776120,0.000000,0.445000
0.782812,0.000000,0.420000
0.789500,0.000000,0.386000
0.796192,0.000000,0.367000
0.802876,0.000000,0.342000
0.809568,0.000000,0.318000
0.816256,0.000000,0.303000
0.822948,0.000000,0.279000
0.829632,0.000000,0.264000
0.836324,0.000000,0.249000
0.843012,0.000000,0.230000
0.849704,0.000000,0.215000
0.856388,0.000000,0.200000
0.863080,0.000000,0.191000
0.869768,0.000000,0.176000
0.876452,0.000000,0.171000
0.883144,0.000000,0.161000
0.889832,0.000000,0.147000
0.896524,0.000000,0.137000
0.903208,0.000000,0.132000
0.909900,0.000000,0.122000
0.916588,0.000000,0.117000
0.923280,0.000000,0.108000
0.929964,0.000000,0.098000
0.936656,0.000000,0.098000
0.943344,0.000000,0.088000
0.950036,0.000000,0.078000
0.956720,0.000000,0.073000
0.963412,0.000000,0.073000
0.970104,0.000000,0.068000
0.976788,0.000000,0.064000
0.983480,0.000000,0.059000
0.990168,0.000000,0.059000
0.996860,0.000000,0.054000
1.003544,0.000000,0.044000
1.010236,0.000000,0.044000
1.016924,0.000000,0.044000
1.023616,0.000000,0.034000
1.030300,0.000000,0.034000
1.036992,0.000000,0.034000
1.043680,0.000000,0.034000
1.050372,0.000000,0.034000
1.057056,0.000000,0.029000
1.063748,0.000000,0.029000
0.000044,4.878000,0.000000
0.006744,4.883000,0.342000
0.013432,4.888000,0.655000
0.020128,4.902000,0.929000
0.026816,4.907000,1.188000
0.033508,4.907000,1.442000
0.040196,4.917000,1.662000
0.046888,4.922000,1.877000
0.053576,4.927000,2.087000
0.060268,4.932000,2.263000
0.066956,4.936000,2.439000
0.073652,4.932000,2.610000
0.080340,4.946000,2.752000
0.087028,4.946000,2.898000
0.093724,4.951000,3.040000
0.100412,4.956000,3.157000
0.107108,4.956000,3.275000
0.113796,4.961000,3.392000
0.120492,4.966000,3.475000
0.127180,4.966000,3.592000
0.133876,4.966000,3.671000
0.140564,4.966000,3.754000
0.147256,4.966000,3.827000
0.153944,4.966000,3.905000
0.160640,4.971000,3.969000
0.167328,4.976000,4.032000
0.174020,4.971000,4.101000
0.180716,4.976000,4.145000
0.187404,4.980000,4.208000
0.194096,4.980000,4.257000
0.200784,4.980000,4.301000
0.207480,4.980000,4.335000
0.214168,4.980000,4.394000
0.220860,4.985000,4.409000
0.227548,4.985000,4.448000
0.234244,4.985000,4.492000
0.240932,4.985000,4.506000
0.247624,4.985000,4.545000
0.254312,4.985000,4.580000
0.261008,4.985000,4.594000
0.267696,4.990000,4.619000
0.274388,4.985000,4.653000
0.281080,4.990000,4.668000
0.287768,4.990000,4.687000
0.294460,4.990000,4.712000
0.301148,4.990000,4.712000
0.307840,4.990000,4.736000
0.314528,4.990000,4.761000
0.321220,4.990000,4.761000
0.327908,4.990000,4.775000
0.334600,4.995000,4.800000
0.341288,4.995000,4.800000
0.347980,4.990000,4.814000
0.354668,4.990000,4.834000
0.361360,4.995000,4.829000
0.368048,4.995000,4.839000
0.374740,4.995000,4.858000
0.381436,4.995000,4.853000
0.388120,4.995000,4.863000
0.394816,4.990000,4.883000
0.401500,4.995000,4.873000
0.408196,4.995000,4.883000
0.414880,4.995000,4.902000
0.421576,4.995000,4.892000
0.428260,4.995000,4.902000
0.434956,4.995000,4.917000
0.441640,4.995000,4.907000
0.448336,4.995000,4.917000
0.455020,4.990000,4.927000
0.461716,4.995000,4.917000
0.468400,4.995000,4.932000
0.475096,4.995000,4.936000
0.481788,4.995000,4.932000
0.488476,4.995000,4.936000
0.495168,4.995000,4.946000
0.501856,4.995000,4.941000
0.508548,4.995000,4.946000
0.515236,4.995000,4.956000
0.521928,4.995000,4.941000
0.528616,4.995000,4.956000
0.535312,0.098000,4.946000
0.541996,0.088000,4.599000
0.548688,0.083000,4.311000
0.555376,0.078000,4.027000
0.562068,0.073000,3.754000
0.568752,0.068000,3.514000
0.575444,0.064000,3.289000
0.582136,0.059000,3.065000
0.588824,0.054000,2.874000
0.595516,0.049000,2.688000
0.602200,0.044000,2.507000
0.608892,0.039000,2.346000
0.615580,0.034000,2.204000
0.622272,0.034000,2.048000
0.628956,0.034000,1.921000
0.635648,0.034000,1.799000
0.642336,0.029000,1.681000
0.649028,0.024000,1.569000
0.655712,0.024000,1.476000
0.662404,0.020000,1.373000
0.669092,0.020000,1.285000
0.675784,0.015000,1.212000
0.682476,0.015000,1.129000
0.689160,0.015000,1.056000
0.695852,0.015000,0.992000
0.702540,0.015000,0.929000
0.709232,0.010000,0.865000
0.715916,0.010000,0.816000
0.722608,0.010000,0.762000
0.729296,0.005000,0.714000
0.735988,0.005000,0.670000
0.742672,0.005000,0.621000
0.749364,0.010000,0.587000
0.756052,0.005000,0.547000
0.762744,0.000000,0.513000
0.769428,0.005000,0.484000
0.776120,0.000000,0.450000
0.782808,0.000000,0.425000
0.789492,0.000000,0.396000
0.796184,0.005000,0.371000
0.802872,0.000000,0.347000
0.809564,0.000000,0.327000
0.816248,0.000000,0.308000
0.822940,0.000000,0.288000
0.829628,0.000000,0.269000
0.836320,0.000000,0.249000
0.843004,0.000000,0.235000
0.849696,0.000000,0.220000
0.856384,0.000000,0.210000
0.863076,0.000000,0.191000
0.869760,0.000000,0.186000
0.876452,0.000000,0.171000
0.883140,0.000000,0.156000
0.889824,0.000000,0.152000
0.896516,0.000000,0.142000
0.903204,0.000000,0.132000
0.909896,0.000000,0.122000
0.916580,0.000000,0.117000
0.923272,0.000000,0.117000
0.929960,0.000000,0.103000
0.936652,0.000000,0.093000
0.943336,0.000000,0.093000
0.950028,0.000000,0.083000
0.956716,0.000000,0.078000
0.963408,0.000000,0.073000
0.970092,0.000000,0.073000
0.976784,0.000000,0.064000
0.983472,0.000000,0.059000
0.990164,0.000000,0.059000
0.996856,0.000000,0.054000
1.003540,0.000000,0.049000
1.010232,0.000000,0.044000
1.016920,0.000000,0.044000
1.023612,0.000000,0.039000
1.030296,0.000000,0.034000
1.036988,0.000000,0.034000
1.043676,0.000000,0.034000
1.050368,0.000000,0.034000
1.057052,0.000000,0.029000
1.063744,0.000000,0.029000
