0.000032,4.472000,0.029000
0.001600,4.516000,0.362000
0.003168,4.545000,0.670000
0.004736,4.575000,0.953000
0.006304,4.604000,1.212000
0.007872,4.633000,1.461000
0.009440,4.658000,1.686000
0.011008,4.682000,1.896000
0.012576,4.697000,2.097000
0.014128,4.721000,2.283000
0.015696,4.736000,2.458000
0.017248,4.756000,2.620000
0.018816,4.770000,2.776000
0.020384,4.785000,2.913000
0.021952,4.800000,3.050000
0.023504,4.809000,3.172000
0.025072,4.824000,3.289000
0.026640,4.834000,3.402000
0.028192,4.839000,3.500000
0.029760,4.853000,3.592000
0.031328,4.863000,3.675000
0.032896,4.873000,3.759000
0.034448,4.883000,3.837000
0.036016,4.888000,3.905000
0.037568,4.892000,3.978000
0.039136,4.902000,4.042000
0.040704,4.907000,4.101000
0.042272,4.912000,4.159000
0.043824,4.917000,4.213000
0.045392,4.922000,4.257000
0.046944,4.927000,4.306000
0.048512,4.932000,4.345000
0.050080,4.932000,4.384000
0.051648,4.941000,4.418000
0.053200,4.941000,4.453000
0.054768,4.946000,4.487000
0.056320,4.941000,4.516000
0.057888,4.956000,4.545000
0.059456,4.956000,4.570000
0.061024,4.961000,4.604000
0.062576,4.961000,4.629000
0.064144,4.966000,4.653000
0.065712,4.966000,4.673000
0.067264,4.966000,4.692000
0.068832,4.971000,4.707000
0.070400,4.966000,4.721000
0.071968,4.971000,4.736000
0.073520,4.966000,4.751000
0.075088,4.971000,4.765000
0.076656,4.976000,4.775000
0.078208,4.980000,4.790000
0.079776,4.980000,4.809000
0.081344,4.980000,4.814000
0.082912,4.980000,4.829000
0.084480,4.980000,4.853000
0.086032,4.985000,4.848000
0.087600,4.985000,4.853000
0.089152,4.985000,4.863000
0.090720,4.985000,4.868000
0.092288,4.985000,4.873000
0.093856,4.985000,4.878000
0.095424,4.985000,4.883000
0.096992,4.985000,4.888000
0.098544,4.985000,4.902000
0.100112,4.985000,4.907000
0.101680,4.985000,4.912000
0.103232,4.985000,4.917000
0.104800,4.990000,4.927000
0.106368,4.990000,4.927000
0.107936,4.990000,4.932000
0.109488,4.985000,4.932000
0.111056,4.990000,4.932000
0.112624,4.990000,4.932000
0.114192,4.985000,4.936000
0.115744,4.990000,4.936000
0.117312,4.985000,4.941000
0.118880,4.995000,4.946000
0.120448,4.995000,4.951000
0.122016,4.995000,4.956000
0.123568,4.990000,4.956000