Channel 1,Channel 2,Channel 3
0.000040,4.844000,0.005000
0.005128,4.858000,0.327000
0.010212,4.863000,0.621000
0.015296,4.878000,0.880000
0.020380,4.883000,1.129000
0.025460,4.888000,1.369000
0.030544,4.892000,1.593000
0.035624,4.907000,1.794000
0.040708,4.907000,1.989000
0.045788,4.912000,2.175000
0.050868,4.912000,2.346000
0.055948,4.927000,2.498000
0.061032,4.932000,2.654000
0.066112,4.932000,2.801000
0.071196,4.936000,2.933000
0.076276,4.941000,3.050000
0.081360,4.941000,3.162000
0.086440,4.941000,3.280000
0.091524,4.946000,3.382000
0.096608,4.951000,3.475000
0.101688,4.951000,3.578000
0.106772,4.956000,3.656000
0.111852,4.966000,3.734000
0.116936,4.966000,3.798000
0.122012,4.966000,3.876000
0.127088,4.966000,3.944000
0.132172,4.966000,4.008000
0.137252,4.971000,4.057000
0.142332,4.971000,4.120000
0.147416,4.971000,4.179000
0.152496,4.971000,4.218000
0.157580,4.980000,4.257000
0.162660,4.976000,4.306000
0.167744,4.976000,4.350000
0.172824,4.980000,4.384000
0.177904,4.980000,4.413000
0.182988,4.980000,4.453000
0.188068,4.980000,4.487000
0.193148,4.976000,4.511000
0.198232,4.985000,4.531000
0.203312,4.985000,4.570000
0.208396,4.985000,4.594000
0.213476,4.985000,4.614000
0.218560,4.985000,4.629000
0.223640,4.985000,4.658000
0.228720,4.985000,4.682000
0.233804,4.985000,4.692000
0.238884,4.990000,4.697000
0.243968,4.990000,4.726000
0.249048,4.985000,4.746000
0.254124,4.990000,4.756000
0.259200,4.990000,4.765000
0.264280,4.990000,4.785000
0.269360,4.990000,4.800000
0.274444,4.990000,4.809000
0.279524,4.990000,4.804000
0.284604,4.995000,4.814000
0.289684,4.990000,4.848000
0.294764,4.995000,4.834000
0.299844,4.990000,4.839000
0.304928,4.990000,4.858000
0.310008,4.995000,4.868000
0.315088,4.995000,4.863000
0.320168,4.995000,4.873000
0.325248,4.995000,4.883000
0.330332,4.995000,4.892000
0.335412,4.995000,4.892000
0.340492,4.995000,4.892000
0.345572,4.995000,4.912000
0.350656,4.995000,4.912000
0.355736,4.995000,4.917000
0.360816,4.990000,4.912000
0.365896,4.995000,4.927000
0.370976,4.995000,4.927000
0.376060,4.995000,4.927000
0.381140,4.995000,4.927000
0.386216,4.995000,4.941000
0.391288,4.995000,4.941000
0.396368,4.995000,4.932000
0.401452,4.995000,4.941000
0.406536,0.142000,4.936000
0.411616,0.117000,4.614000
0.416696,0.108000,4.326000
0.421776,0.098000,4.062000
0.426860,0.093000,3.812000
0.431940,0.083000,3.573000
0.437020,0.083000,3.348000
0.442100,0.073000,3.143000
0.447184,0.068000,2.952000
0.452264,0.068000,2.771000
0.457344,0.059000,2.595000
0.462424,0.059000,2.439000
0.467508,0.054000,2.297000
0.472588,0.049000,2.151000
0.477668,0.044000,2.014000
0.482748,0.044000,1.891000
0.487832,0.034000,1.784000
0.492912,0.034000,1.676000
0.497992,0.034000,1.569000
0.503072,0.034000,1.476000
0.508156,0.029000,1.388000
0.513236,0.029000,1.305000
0.518312,0.024000,1.227000
0.523384,0.020000,1.153000
0.528468,0.020000,1.080000
0.533548,0.020000,1.012000
0.538628,0.015000,0.953000
0.543708,0.015000,0.899000
0.548788,0.015000,0.841000
0.553868,0.015000,0.792000
0.558948,0.010000,0.743000
0.564028,0.010000,0.699000
0.569108,0.010000,0.660000
0.574188,0.010000,0.616000
0.579268,0.005000,0.582000
0.584348,0.005000,0.547000
0.589428,0.010000,0.513000
0.594508,0.005000,0.484000
0.599588,0.005000,0.459000
0.604668,0.005000,0.425000
0.609748,0.005000,0.401000
0.614828,0.000000,0.376000
0.619908,0.000000,0.352000
0.624988,0.005000,0.332000
0.630068,0.000000,0.313000
0.635148,0.000000,0.298000
0.640228,0.000000,0.279000
0.645308,0.000000,0.259000
0.650380,0.000000,0.249000
0.655460,0.000000,0.235000
0.660540,0.000000,0.220000
0.665620,0.000000,0.205000
0.670700,0.000000,0.191000
0.675780,0.000000,0.181000
0.680860,0.000000,0.171000
0.685940,0.000000,0.161000
0.691020,0.000000,0.152000
0.696100,0.000000,0.142000
0.701180,0.000000,0.137000
0.706260,0.000000,0.122000
0.711340,0.000000,0.117000
0.716420,0.000000,0.108000
0.721500,0.000000,0.108000
0.726580,0.000000,0.098000
0.731660,0.000000,0.093000
0.736740,0.000000,0.088000
0.741820,0.000000,0.083000
0.746900,0.000000,0.073000
0.751980,0.000000,0.068000
0.757060,0.000000,0.068000
0.762140,0.000000,0.064000
0.767220,0.000000,0.059000
0.772300,0.000000,0.059000
0.777380,0.000000,0.059000
0.782456,0.000000,0.044000
0.787536,0.000000,0.049000
0.792616,0.000000,0.044000
0.797696,0.000000,0.039000
0.802776,0.000000,0.034000
0.807856,0.000000,0.034000
0.000044,4.848000,0.005000
0.005132,4.858000,0.318000
0.010216,4.868000,0.611000
0.015300,4.868000,0.880000
0.020380,4.878000,1.134000
0.025464,4.888000,1.369000
0.030544,4.897000,1.588000
0.035628,4.902000,1.799000
0.040708,4.907000,1.994000
0.045788,4.912000,2.170000
0.050864,4.922000,2.341000
0.055944,4.927000,2.502000
0.061028,4.922000,2.654000
0.066108,4.932000,2.796000
0.071192,4.936000,2.928000
0.076272,4.941000,3.055000
0.081356,4.941000,3.172000
0.086436,4.946000,3.280000
0.091520,4.951000,3.377000
0.096600,4.951000,3.475000
0.101684,4.956000,3.573000
0.106768,4.956000,3.656000
0.111848,4.961000,3.729000
0.116932,4.966000,3.807000
0.122016,4.956000,3.886000
0.127096,4.966000,3.944000
0.132180,4.966000,4.003000
0.137260,4.966000,4.062000
0.142344,4.971000,4.125000
0.147424,4.971000,4.169000
0.152508,4.971000,4.213000
0.157588,4.976000,4.262000
0.162668,4.976000,4.311000
0.167752,4.976000,4.340000
0.172832,4.980000,4.379000
0.177916,4.980000,4.418000
0.182988,4.980000,4.457000
0.188064,4.985000,4.482000
0.193148,4.985000,4.506000
0.198228,4.985000,4.541000
0.203312,4.985000,4.570000
0.208392,4.980000,4.585000
0.213476,4.985000,4.604000
0.218556,4.985000,4.633000
0.223636,4.985000,4.658000
0.228720,4.985000,4.673000
0.233800,4.985000,4.687000
0.238880,4.985000,4.712000
0.243964,4.985000,4.726000
0.249044,4.990000,4.731000
0.254128,4.990000,4.751000
0.259208,4.990000,4.770000
0.264288,4.995000,4.785000
0.269372,4.990000,4.785000
0.274452,4.990000,4.800000
0.279532,4.990000,4.819000
0.284612,4.990000,4.829000
0.289692,4.990000,4.829000
0.294776,4.995000,4.839000
0.299856,4.990000,4.853000
0.304936,4.995000,4.863000
0.310016,4.995000,4.858000
0.315096,4.995000,4.868000
0.320172,4.990000,4.883000
0.325252,4.995000,4.883000
0.330332,4.995000,4.883000
0.335416,4.990000,4.888000
0.340496,4.995000,4.907000
0.345576,4.995000,4.907000
0.350656,4.995000,4.902000
0.355736,4.995000,4.912000
0.360816,4.995000,4.927000
0.365900,4.995000,4.922000
0.370980,4.995000,4.917000
0.376060,4.995000,4.927000
0.381140,4.995000,4.941000
0.386220,4.995000,4.936000
0.391300,4.995000,4.932000
0.396384,4.995000,4.941000
0.401464,4.995000,4.951000
0.406548,0.122000,4.932000
0.411628,0.117000,4.609000
0.416708,0.108000,4.326000
0.421792,0.103000,4.062000
0.426872,0.093000,3.812000
0.431952,0.083000,3.563000
0.437032,0.078000,3.353000
0.442116,0.073000,3.148000
0.447196,0.068000,2.952000
0.452268,0.068000,2.766000
0.457352,0.064000,2.600000
0.462432,0.059000,2.444000
0.467512,0.054000,2.292000
0.472592,0.049000,2.151000
0.477676,0.044000,2.023000
0.482756,0.044000,1.896000
0.487836,0.034000,1.779000
0.492916,0.034000,1.676000
0.498000,0.034000,1.569000
0.503080,0.034000,1.476000
0.508160,0.029000,1.388000
0.513240,0.029000,1.305000
0.518324,0.024000,1.227000
0.523404,0.020000,1.153000
0.528484,0.020000,1.075000
0.533564,0.020000,1.012000
0.538644,0.020000,0.953000
0.543724,0.015000,0.899000
0.548804,0.015000,0.841000
0.553884,0.015000,0.792000
0.558964,0.015000,0.743000
0.564044,0.010000,0.699000
0.569124,0.010000,0.660000
0.574204,0.010000,0.621000
0.579280,0.005000,0.582000
0.584352,0.005000,0.547000
0.589432,0.005000,0.508000
0.594512,0.005000,0.484000
0.599592,0.005000,0.455000
0.604672,0.005000,0.430000
0.609752,0.000000,0.401000
0.614832,0.005000,0.376000
0.619912,0.000000,0.357000
0.624992,0.000000,0.327000
0.630072,0.000000,0.313000
0.635152,0.000000,0.293000
0.640232,0.005000,0.279000
0.645312,0.000000,0.264000
0.650392,0.000000,0.249000
0.655472,0.000000,0.235000
0.660552,0.000000,0.220000
0.665632,0.000000,0.205000
0.670712,0.000000,0.191000
0.675792,0.000000,0.181000
0.680872,0.000000,0.171000
0.685952,0.000000,0.161000
0.691032,0.000000,0.152000
0.696112,0.000000,0.137000
0.701192,0.000000,0.137000
0.706272,0.000000,0.122000
0.711348,0.000000,0.117000
0.716428,0.000000,0.112000
0.721508,0.000000,0.108000
0.726588,0.000000,0.093000
0.731668,0.000000,0.093000
0.736748,0.000000,0.088000
0.741828,0.000000,0.083000
0.746908,0.000000,0.073000
0.751988,0.000000,0.073000
0.757068,0.000000,0.068000
0.762148,0.000000,0.064000
0.767228,0.000000,0.059000
0.772308,0.000000,0.059000
0.777388,0.000000,0.054000
0.782468,0.000000,0.049000
0.787548,0.000000,0.044000
0.792628,0.000000,0.049000
0.797708,0.000000,0.039000
0.802788,0.000000,0.034000
0.807868,0.000000,0.034000
0.000040,4.848000,0.005000
0.005128,4.863000,0.318000
0.010212,4.863000,0.611000
0.015296,4.873000,0.890000
0.020380,4.883000,1.139000
0.025460,4.888000,1.369000
0.030544,4.897000,1.593000
0.035624,4.902000,1.799000
0.040704,4.912000,1.994000
0.045788,4.907000,2.170000
0.050868,4.917000,2.341000
0.055948,4.922000,2.502000
0.061028,4.927000,2.649000
0.066112,4.932000,2.796000
0.071192,4.936000,2.928000
0.076276,4.941000,3.055000
0.081356,4.941000,3.162000
0.086440,4.946000,3.275000
0.091520,4.946000,3.377000
0.096604,4.951000,3.480000
0.101688,4.956000,3.563000
0.106768,4.961000,3.646000
0.111844,4.961000,3.734000
0.116920,4.966000,3.812000
0.122004,4.966000,3.876000
0.127088,4.966000,3.939000
0.132168,4.966000,4.003000
0.137252,4.966000,4.066000
0.142332,4.966000,4.115000
0.147412,4.971000,4.159000
0.152496,4.976000,4.223000
0.157576,4.971000,4.267000
0.162660,4.976000,4.306000
0.167740,4.980000,4.340000
0.172820,4.980000,4.384000
0.177904,4.980000,4.423000
0.182984,4.980000,4.448000
0.188064,4.985000,4.472000
0.193148,4.980000,4.516000
0.198228,4.985000,4.545000
0.203312,4.985000,4.565000
0.208392,4.985000,4.575000
0.213472,4.985000,4.614000
0.218556,4.985000,4.643000
0.223636,4.985000,4.653000
0.228716,4.985000,4.682000
0.233800,4.985000,4.692000
0.238880,4.985000,4.717000
0.243964,4.990000,4.721000
0.249040,4.990000,4.736000
0.254116,4.990000,4.761000
0.259196,4.990000,4.770000
0.264276,4.990000,4.775000
0.269360,4.990000,4.785000
0.274440,4.990000,4.809000
0.279520,4.990000,4.814000
0.284600,4.995000,4.814000
0.289684,4.990000,4.829000
0.294764,4.990000,4.848000
0.299844,4.990000,4.853000
0.304924,4.995000,4.848000
0.310004,4.990000,4.863000
0.315088,4.990000,4.878000
0.320168,4.985000,4.878000
0.325248,4.995000,4.878000
0.330328,4.995000,4.883000
0.335408,4.995000,4.902000
0.340492,4.995000,4.907000
0.345572,4.995000,4.902000
0.350652,4.995000,4.907000
0.355732,4.990000,4.922000
0.360812,4.995000,4.922000
0.365892,5.000000,4.912000
0.370976,4.995000,4.927000
0.376056,4.995000,4.936000
0.381136,4.995000,4.927000
0.386208,4.995000,4.927000
0.391292,4.995000,4.936000
0.396372,4.995000,4.946000
0.401452,4.995000,4.941000
0.406536,0.137000,4.922000
0.411616,0.117000,4.624000
0.416700,0.108000,4.340000
0.421780,0.098000,4.062000
0.426860,0.093000,3.798000
0.431940,0.083000,3.573000
0.437024,0.083000,3.358000
0.442104,0.073000,3.143000
0.447184,0.068000,2.947000
0.452264,0.068000,2.776000
0.457348,0.064000,2.600000
0.462428,0.059000,2.439000
0.467508,0.054000,2.287000
0.472588,0.049000,2.151000
0.477672,0.044000,2.023000
0.482752,0.044000,1.891000
0.487832,0.034000,1.779000
0.492912,0.034000,1.676000
0.497996,0.034000,1.574000
0.503076,0.034000,1.476000
0.508156,0.029000,1.383000
0.513232,0.029000,1.305000
0.518308,0.024000,1.227000
0.523388,0.020000,1.149000
0.528468,0.020000,1.080000
0.533548,0.020000,1.012000
0.538628,0.015000,0.953000
0.543708,0.015000,0.894000
0.548788,0.015000,0.841000
0.553868,0.015000,0.792000
0.558948,0.015000,0.743000
0.564028,0.010000,0.699000
0.569108,0.010000,0.660000
0.574188,0.010000,0.621000
0.579268,0.005000,0.582000
0.584348,0.005000,0.547000
0.589428,0.010000,0.513000
0.594508,0.005000,0.484000
0.599588,0.000000,0.455000
0.604668,0.005000,0.430000
0.609748,0.005000,0.396000
0.614828,0.005000,0.376000
0.619908,0.000000,0.352000
0.624988,0.005000,0.332000
0.630068,0.000000,0.313000
0.635148,0.000000,0.298000
0.640224,0.000000,0.274000
0.645296,0.000000,0.264000
0.650376,0.000000,0.249000
0.655456,0.000000,0.235000
0.660536,0.000000,0.215000
0.665616,0.000000,0.205000
0.670696,0.000000,0.191000
0.675776,0.000000,0.181000
0.680856,0.000000,0.171000
0.685936,0.000000,0.161000
0.691016,0.000000,0.152000
0.696096,0.000000,0.142000
0.701176,0.000000,0.137000
0.706256,0.000000,0.122000
0.711336,0.000000,0.117000
0.716416,0.000000,0.112000
0.721496,0.000000,0.108000
0.726576,0.000000,0.098000
0.731656,0.000000,0.093000
0.736736,0.000000,0.093000
0.741816,0.000000,0.073000
0.746896,0.000000,0.073000
0.751976,0.000000,0.073000
0.757056,0.000000,0.068000
0.762136,0.000000,0.064000
0.767216,0.000000,0.059000
0.772292,0.000000,0.059000
0.777372,0.000000,0.049000
0.782452,0.000000,0.054000
0.787532,0.000000,0.049000
0.792612,0.000000,0.044000
0.797692,0.000000,0.039000
0.802772,0.000000,0.039000
0.807852,0.000000,0.034000
0.000040,4.848000,0.015000
0.005128,4.858000,0.318000
0.010212,4.863000,0.611000
0.015296,4.878000,0.880000
0.020380,4.883000,1.129000
0.025460,4.888000,1.373000
0.030544,4.892000,1.593000
0.035624,4.902000,1.799000
0.040704,4.907000,1.989000
0.045780,4.912000,2.175000
0.050860,4.917000,2.346000
0.055944,4.917000,2.502000
0.061024,4.927000,2.649000
0.066104,4.932000,2.796000
0.071188,4.936000,2.933000
0.076272,4.941000,3.050000
0.081352,4.941000,3.162000
0.086436,4.946000,3.280000
0.091520,4.946000,3.382000
0.096600,4.951000,3.475000
0.101684,4.956000,3.563000
0.106764,4.956000,3.656000
0.111848,4.956000,3.734000
0.116932,4.961000,3.798000
0.122012,4.966000,3.871000
0.127096,4.966000,3.944000
0.132180,4.971000,4.008000
0.137260,4.966000,4.062000
0.142340,4.971000,4.110000
0.147424,4.971000,4.179000
0.152504,4.971000,4.223000
0.157584,4.976000,4.257000
0.162668,4.976000,4.301000
0.167748,4.976000,4.355000
0.172832,4.980000,4.384000
0.177908,4.980000,4.413000
0.182984,4.980000,4.448000
0.188064,4.980000,4.487000
0.193144,4.985000,4.516000
0.198228,4.985000,4.531000
0.203308,4.985000,4.565000
0.208388,4.985000,4.594000
0.213472,4.990000,4.614000
0.218552,4.985000,4.629000
0.223636,4.985000,4.653000
0.228716,4.985000,4.682000
0.233796,4.985000,4.692000
0.238880,4.990000,4.707000
0.243960,4.990000,4.726000
0.249040,4.985000,4.746000
0.254124,4.985000,4.751000
0.259204,4.990000,4.756000
0.264288,4.990000,4.780000
0.269368,4.990000,4.800000
0.274448,4.990000,4.804000
0.279528,4.995000,4.809000
0.284612,4.990000,4.824000
0.289692,4.990000,4.839000
0.294772,4.985000,4.839000
0.299852,4.995000,4.844000
0.304932,4.995000,4.858000
0.310008,4.990000,4.878000
0.315080,4.990000,4.868000
0.320164,4.995000,4.868000
0.325244,4.995000,4.883000
0.330324,4.995000,4.892000
0.335404,4.995000,4.888000
0.340484,4.995000,4.892000
0.345568,4.995000,4.907000
0.350648,4.995000,4.917000
0.355728,4.995000,4.907000
0.360808,4.995000,4.912000
0.365888,4.985000,4.927000
0.370968,4.995000,4.932000
0.376052,5.000000,4.917000
0.381132,4.995000,4.927000
0.386212,4.995000,4.941000
0.391292,4.995000,4.941000
0.396376,4.995000,4.932000
0.401456,4.995000,4.936000
0.406540,0.147000,4.932000
0.411620,0.117000,4.614000
0.416700,0.108000,4.321000
0.421784,0.098000,4.057000
0.426864,0.093000,3.812000
0.431944,0.088000,3.573000
0.437024,0.078000,3.353000
0.442100,0.073000,3.143000
0.447176,0.073000,2.957000
0.452256,0.068000,2.776000
0.457336,0.059000,2.595000
0.462420,0.059000,2.439000
0.467500,0.054000,2.297000
0.472580,0.049000,2.151000
0.477660,0.044000,2.019000
0.482744,0.044000,1.891000
0.487824,0.034000,1.784000
0.492904,0.034000,1.676000
0.497984,0.029000,1.569000
0.503068,0.034000,1.476000
0.508148,0.029000,1.388000
0.513228,0.029000,1.305000
0.518308,0.024000,1.217000
0.523392,0.024000,1.149000
0.528472,0.024000,1.080000
0.533552,0.015000,1.012000
0.538632,0.015000,0.953000
0.543712,0.015000,0.894000
0.548792,0.015000,0.841000
0.553872,0.015000,0.792000
0.558952,0.010000,0.743000
0.564032,0.015000,0.699000
0.569112,0.015000,0.660000
0.574184,0.010000,0.616000
0.579264,0.005000,0.582000
0.584344,0.005000,0.547000
0.589424,0.005000,0.513000
0.594504,0.005000,0.484000
0.599584,0.005000,0.455000
0.604664,0.005000,0.430000
0.609744,0.005000,0.406000
0.614824,0.000000,0.376000
0.619904,0.000000,0.352000
0.624984,0.000000,0.332000
0.630064,0.000000,0.313000
0.635144,0.005000,0.293000
0.640224,0.000000,0.279000
0.645304,0.000000,0.264000
0.650384,0.000000,0.249000
0.655464,0.000000,0.235000
0.660544,0.000000,0.215000
0.665624,0.000000,0.205000
0.670704,0.000000,0.191000
0.675784,0.000000,0.181000
0.680864,0.000000,0.171000
0.685944,0.000000,0.161000
0.691024,0.000000,0.152000
0.696104,0.000000,0.142000
0.701184,0.000000,0.137000
0.706260,0.000000,0.122000
0.711340,0.000000,0.117000
0.716420,0.000000,0.112000
0.721500,0.000000,0.103000
0.726580,0.000000,0.098000
0.731660,0.000000,0.093000
0.736740,0.000000,0.088000
0.741820,0.000000,0.083000
0.746900,0.000000,0.073000
0.751980,0.000000,0.073000
0.757060,0.000000,0.068000
0.762140,0.000000,0.064000
0.767220,0.000000,0.059000
0.772300,0.000000,0.059000
0.777380,0.000000,0.054000
0.782460,0.000000,0.054000
0.787540,0.000000,0.044000
0.792620,0.000000,0.044000
0.797700,0.000000,0.039000
0.802780,0.000000,0.034000
0.807860,0.000000,0.034000
0.000040,4.848000,0.005000
0.005128,4.858000,0.318000
0.010212,4.868000,0.616000
0.015296,4.878000,0.885000
0.020380,4.883000,1.129000
0.025460,4.888000,1.369000
0.030544,4.897000,1.593000
0.035624,4.902000,1.799000
0.040704,4.902000,1.994000
0.045788,4.917000,2.170000
0.050868,4.922000,2.346000
0.055948,4.922000,2.502000
0.061028,4.927000,2.654000
0.066112,4.932000,2.796000
0.071192,4.936000,2.933000
0.076276,4.941000,3.055000
0.081356,4.941000,3.172000
0.086440,4.941000,3.280000
0.091524,4.951000,3.377000
0.096604,4.956000,3.475000
0.101688,4.956000,3.573000
0.106768,4.961000,3.651000
0.111844,4.961000,3.729000
0.116924,4.966000,3.812000
0.122008,4.966000,3.876000
0.127092,4.966000,3.939000
0.132172,4.966000,4.003000
0.137256,4.966000,4.062000
0.142336,4.971000,4.125000
0.147420,4.971000,4.164000
0.152500,4.971000,4.213000
0.157580,4.971000,4.267000
0.162664,4.976000,4.311000
0.167744,4.980000,4.340000
0.172828,4.980000,4.379000
0.177908,4.980000,4.418000
0.182988,4.980000,4.453000
0.188072,4.980000,4.477000
0.193152,4.985000,4.511000
0.198236,4.985000,4.541000
0.203316,4.985000,4.570000
0.208400,4.985000,4.594000
0.213480,4.985000,4.609000
0.218560,4.980000,4.638000
0.223644,4.985000,4.653000
0.228724,4.985000,4.673000
0.233808,4.980000,4.692000
0.238880,4.990000,4.712000
0.243956,4.985000,4.726000
0.249040,4.990000,4.736000
0.254120,4.990000,4.751000
0.259200,4.990000,4.765000
0.264284,4.990000,4.775000
0.269364,4.985000,4.785000
0.274444,4.990000,4.800000
0.279528,4.990000,4.819000
0.284608,4.990000,4.829000
0.289688,4.990000,4.829000
0.294768,4.995000,4.839000
0.299848,4.990000,4.853000
0.304928,4.995000,4.853000
0.310012,4.995000,4.858000
0.315092,4.995000,4.868000
0.320172,4.995000,4.883000
0.325252,4.995000,4.883000
0.330332,4.995000,4.883000
0.335412,4.995000,4.892000
0.340496,4.995000,4.907000
0.345576,4.995000,4.902000
0.350656,4.995000,4.902000
0.355736,4.985000,4.917000
0.360816,4.995000,4.922000
0.365896,4.995000,4.922000
0.370976,4.995000,4.917000
0.376048,4.995000,4.932000
0.381132,4.995000,4.936000
0.386212,4.990000,4.932000
0.391292,5.000000,4.932000
0.396372,4.995000,4.941000
0.401452,4.995000,4.946000
0.406536,0.142000,4.927000
0.411620,0.117000,4.614000
0.416700,0.108000,4.330000
0.421780,0.098000,4.062000
0.426860,0.093000,3.807000
0.431944,0.088000,3.563000
0.437024,0.073000,3.353000
0.442104,0.073000,3.148000
0.447184,0.068000,2.952000
0.452268,0.068000,2.771000
0.457348,0.059000,2.600000
0.462428,0.059000,2.439000
0.467508,0.049000,2.287000
0.472592,0.054000,2.151000
0.477672,0.044000,2.023000
0.482752,0.039000,1.896000
0.487832,0.034000,1.784000
0.492916,0.034000,1.676000
0.497996,0.034000,1.569000
0.503072,0.034000,1.476000
0.508144,0.029000,1.388000
0.513228,0.029000,1.300000
0.518308,0.024000,1.227000
0.523388,0.024000,1.149000
0.528468,0.020000,1.075000
0.533548,0.020000,1.012000
0.538628,0.015000,0.953000
0.543708,0.015000,0.899000
0.548788,0.015000,0.841000
0.553868,0.015000,0.792000
0.558948,0.015000,0.748000
0.564028,0.010000,0.699000
0.569108,0.010000,0.655000
0.574188,0.005000,0.621000
0.579268,0.010000,0.582000
0.584348,0.005000,0.547000
0.589428,0.005000,0.513000
0.594508,0.005000,0.484000
0.599588,0.005000,0.455000
0.604668,0.005000,0.430000
0.609748,0.005000,0.401000
0.614828,0.005000,0.376000
0.619908,0.000000,0.352000
0.624988,0.000000,0.332000
0.630068,0.000000,0.318000
0.635148,0.000000,0.293000
0.640224,0.000000,0.279000
0.645304,0.000000,0.264000
0.650384,0.000000,0.244000
0.655464,0.000000,0.230000
0.660544,0.000000,0.220000
0.665624,0.000000,0.205000
0.670704,0.000000,0.191000
0.675784,0.000000,0.181000
0.680864,0.000000,0.171000
0.685944,0.000000,0.161000
0.691024,0.000000,0.152000
0.696104,0.000000,0.142000
0.701184,0.000000,0.137000
0.706264,0.000000,0.122000
0.711344,0.000000,0.117000
0.716424,0.000000,0.112000
0.721504,0.000000,0.108000
0.726584,0.000000,0.098000
0.731664,0.000000,0.093000
0.736744,0.000000,0.083000
0.741824,0.000000,0.078000
0.746904,0.000000,0.073000
0.751984,0.000000,0.073000
0.757064,0.000000,0.068000
0.762144,0.000000,0.064000
0.767216,0.000000,0.064000
0.772296,0.000000,0.059000
0.777376,0.000000,0.054000
0.782456,0.000000,0.054000
0.787536,0.000000,0.044000
0.792616,0.000000,0.044000
0.797696,0.000000,0.039000
0.802776,0.000000,0.034000
0.807856,0.000000,0.034000
0.000044,4.883000,0.005000
0.005132,4.883000,0.269000
0.010216,4.888000,0.503000
0.015296,4.892000,0.718000
0.020380,4.902000,0.938000
0.025464,4.902000,1.139000
0.030544,4.907000,1.325000
0.035620,4.912000,1.510000
0.040700,4.917000,1.686000
0.045784,4.922000,1.843000
0.050864,4.927000,1.999000
0.055944,4.927000,2.151000
0.061024,4.932000,2.287000
0.066108,4.932000,2.424000
0.071188,4.936000,2.546000
0.076272,4.941000,2.664000
0.081352,4.941000,2.776000
0.086436,4.946000,2.884000
0.091520,4.946000,2.991000
0.096600,4.946000,3.089000
0.101684,4.956000,3.172000
0.106764,4.956000,3.270000
0.111848,4.961000,3.358000
0.116932,4.961000,3.436000
0.122012,4.966000,3.509000
0.127096,4.966000,3.578000
0.132180,4.966000,3.656000
0.137260,4.966000,3.715000
0.142344,4.966000,3.768000
0.147424,4.966000,3.832000
0.152504,4.966000,3.891000
0.157588,4.971000,3.939000
0.162668,4.971000,3.988000
0.167748,4.971000,4.042000
0.172820,4.976000,4.086000
0.177904,4.976000,4.125000
0.182984,4.980000,4.164000
0.188068,4.980000,4.213000
0.193148,4.976000,4.252000
0.198228,4.980000,4.282000
0.203312,4.985000,4.311000
0.208392,4.980000,4.350000
0.213472,4.985000,4.379000
0.218556,4.985000,4.399000
0.223636,4.985000,4.433000
0.228720,4.985000,4.462000
0.233800,4.985000,4.487000
0.238880,4.985000,4.501000
0.243964,4.985000,4.526000
0.249044,4.985000,4.555000
0.254124,4.985000,4.575000
0.259208,4.985000,4.589000
0.264288,4.985000,4.609000
0.269368,4.985000,4.633000
0.274452,4.985000,4.648000
0.279532,4.990000,4.658000
0.284612,4.990000,4.673000
0.289692,4.985000,4.697000
0.294776,4.990000,4.702000
0.299848,4.990000,4.712000
0.304924,4.990000,4.726000
0.310004,4.990000,4.746000
0.315084,4.990000,4.751000
0.320164,4.990000,4.761000
0.325248,4.995000,4.775000
0.330328,4.990000,4.790000
0.335408,4.990000,4.800000
0.340488,4.995000,4.800000
0.345568,4.995000,4.809000
0.350648,4.990000,4.824000
0.355732,4.995000,4.829000
0.360812,4.995000,4.829000
0.365892,4.995000,4.839000
0.370972,4.995000,4.853000
0.376056,4.995000,4.853000
0.381136,4.995000,4.853000
0.386216,4.995000,4.863000
0.391296,4.995000,4.878000
0.396376,4.995000,4.878000
0.401460,4.995000,4.878000
0.406544,0.093000,4.878000
0.411624,0.093000,4.629000
0.416704,0.083000,4.384000
0.421788,0.078000,4.159000
0.426868,0.073000,3.954000
0.431940,0.093000,3.754000
0.437016,0.068000,3.563000
0.442096,0.064000,3.382000
0.447180,0.059000,3.221000
0.452260,0.059000,3.065000
0.457340,0.054000,2.908000
0.462420,0.054000,2.757000
0.467504,0.049000,2.620000
0.472584,0.044000,2.498000
0.477664,0.044000,2.366000
0.482744,0.034000,2.248000
0.487828,0.034000,2.146000
0.492908,0.034000,2.038000
0.497988,0.034000,1.935000
0.503068,0.034000,1.838000
0.508152,0.029000,1.750000
0.513232,0.029000,1.662000
0.518312,0.029000,1.579000
0.523392,0.024000,1.500000
0.528476,0.020000,1.427000
0.533556,0.020000,1.359000
0.538636,0.020000,1.285000
0.543716,0.015000,1.227000
0.548796,0.015000,1.168000
0.553876,0.015000,1.109000
0.558956,0.015000,1.056000
0.564036,0.015000,1.002000
0.569108,0.015000,0.953000
0.574188,0.015000,0.904000
0.579268,0.010000,0.865000
0.584348,0.010000,0.821000
0.589428,0.015000,0.777000
0.594508,0.005000,0.743000
0.599588,0.005000,0.709000
0.604668,0.005000,0.679000
0.609748,0.005000,0.640000
0.614828,0.005000,0.611000
0.619908,0.005000,0.582000
0.624988,0.005000,0.552000
0.630068,0.005000,0.528000
0.635148,0.000000,0.503000
0.640228,0.005000,0.474000
0.645308,0.000000,0.450000
0.650388,0.000000,0.430000
0.655468,0.000000,0.406000
0.660548,0.000000,0.386000
0.665628,0.000000,0.371000
0.670708,0.000000,0.347000
0.675788,0.000000,0.337000
0.680868,0.000000,0.318000
0.685948,0.000000,0.303000
0.691028,0.000000,0.293000
0.696104,0.000000,0.274000
0.701184,0.000000,0.264000
0.706264,0.000000,0.249000
0.711344,0.000000,0.239000
0.716424,0.000000,0.225000
0.721504,0.000000,0.215000
0.726584,0.000000,0.205000
0.731664,0.000000,0.191000
0.736744,0.000000,0.186000
0.741824,0.000000,0.176000
0.746904,0.000000,0.171000
0.751984,0.000000,0.161000
0.757064,0.000000,0.152000
0.762144,0.000000,0.147000
0.767224,0.000000,0.137000
0.772304,0.000000,0.132000
0.777384,0.000000,0.127000
0.782464,0.000000,0.117000
0.787544,0.000000,0.112000
0.792624,0.000000,0.108000
0.797704,0.000000,0.103000
0.802784,0.000000,0.098000
0.807864,0.000000,0.093000
0.000040,4.878000,0.010000
0.005128,4.883000,0.259000
0.010216,4.883000,0.499000
0.015304,4.892000,0.723000
0.020384,4.902000,0.938000
0.025464,4.902000,1.139000
0.030552,4.907000,1.329000
0.035640,4.917000,1.510000
0.040712,4.907000,1.681000
0.045800,4.917000,1.843000
0.050880,4.927000,1.999000
0.055960,4.927000,2.151000
0.061048,4.932000,2.287000
0.066128,4.936000,2.424000
0.071208,4.941000,2.542000
0.076296,4.941000,2.659000
0.081384,4.941000,2.781000
0.086464,4.946000,2.889000
0.091544,4.946000,2.986000
0.096632,4.951000,3.089000
0.101712,4.951000,3.187000
0.106792,4.956000,3.270000
0.111872,4.961000,3.353000
0.116952,4.961000,3.431000
0.122040,4.961000,3.514000
0.127128,4.966000,3.583000
0.132208,4.966000,3.651000
0.137288,4.966000,3.715000
0.142376,4.966000,3.778000
0.147456,4.971000,3.832000
0.152536,4.971000,3.886000
0.157624,4.971000,3.939000
0.162712,4.971000,3.993000
0.167784,4.971000,4.042000
0.172872,4.976000,4.081000
0.177960,4.976000,4.130000
0.183040,4.976000,4.174000
0.188120,4.980000,4.208000
0.193208,4.985000,4.238000
0.198288,4.980000,4.282000
0.203368,4.980000,4.321000
0.208456,4.980000,4.345000
0.213536,4.985000,4.374000
0.218616,4.985000,4.409000
0.223704,4.985000,4.453000
0.228792,4.985000,4.453000
0.233864,4.985000,4.477000
0.238952,4.980000,4.506000
0.244024,4.985000,4.531000
0.249112,4.985000,4.550000
0.254184,4.985000,4.570000
0.259272,4.985000,4.599000
0.264360,4.985000,4.614000
0.269440,4.985000,4.629000
0.274520,4.990000,4.643000
0.279608,4.985000,4.658000
0.284680,4.985000,4.682000
0.289768,4.990000,4.692000
0.294848,4.990000,4.697000
0.299928,4.990000,4.717000
0.305016,4.990000,4.731000
0.310096,4.990000,4.736000
0.315176,4.990000,4.751000
0.320264,4.990000,4.765000
0.325336,4.990000,4.780000
0.330424,4.990000,4.780000
0.335504,4.995000,4.790000
0.340584,4.990000,4.804000
0.345672,4.990000,4.814000
0.350752,4.985000,4.814000
0.355832,4.995000,4.824000
0.360920,4.995000,4.839000
0.365992,4.995000,4.848000
0.371080,4.995000,4.844000
0.376160,4.995000,4.848000
0.381240,4.995000,4.863000
0.386312,4.995000,4.868000
0.391400,4.985000,4.863000
0.396480,4.995000,4.873000
0.401560,4.995000,4.888000
0.406648,0.093000,4.878000
0.411736,0.088000,4.614000
0.416808,0.117000,4.384000
0.421896,0.083000,4.169000
0.426976,0.073000,3.954000
0.432056,0.073000,3.754000
0.437144,0.068000,3.558000
0.442224,0.064000,3.397000
0.447304,0.059000,3.226000
0.452392,0.059000,3.055000
0.457464,0.054000,2.908000
0.462552,0.054000,2.766000
0.467632,0.044000,2.625000
0.472712,0.044000,2.493000
0.477800,0.044000,2.375000
0.482880,0.034000,2.258000
0.487960,0.034000,2.141000
0.493048,0.034000,2.028000
0.498128,0.034000,1.935000
0.503208,0.034000,1.838000
0.508296,0.034000,1.750000
0.513368,0.029000,1.657000
0.518448,0.029000,1.579000
0.523528,0.024000,1.500000
0.528616,0.024000,1.422000
0.533688,0.020000,1.354000
0.538776,0.020000,1.285000
0.543856,0.020000,1.232000
0.548936,0.020000,1.168000
0.554016,0.015000,1.109000
0.559096,0.015000,1.056000
0.564184,0.015000,1.007000
0.569256,0.015000,0.953000
0.574344,0.015000,0.899000
0.579424,0.010000,0.860000
0.584504,0.010000,0.821000
0.589584,0.005000,0.777000
0.594664,0.005000,0.743000
0.599752,0.005000,0.704000
0.604824,0.005000,0.674000
0.609912,0.005000,0.640000
0.614992,0.005000,0.606000
0.620072,0.005000,0.577000
0.625152,0.005000,0.552000
0.630232,0.005000,0.528000
0.635320,0.005000,0.499000
0.640392,0.005000,0.474000
0.645472,0.000000,0.455000
0.650552,0.000000,0.430000
0.655624,0.000000,0.406000
0.660712,0.000000,0.386000
0.665792,0.000000,0.371000
0.670872,0.000000,0.347000
0.675952,0.000000,0.337000
0.681032,0.000000,0.318000
0.686120,0.000000,0.308000
0.691192,0.000000,0.288000
0.696280,0.000000,0.274000
0.701352,0.000000,0.264000
0.706440,0.000000,0.249000
0.711520,0.000000,0.235000
0.716600,0.000000,0.225000
0.721680,0.000000,0.215000
0.726760,0.000000,0.205000
0.731848,0.000000,0.191000
0.736920,0.000000,0.186000
0.742008,0.000000,0.176000
0.747088,0.000000,0.171000
0.752168,0.000000,0.161000
0.757248,0.000000,0.152000
0.762328,0.000000,0.147000
0.767416,0.000000,0.137000
0.772488,0.000000,0.132000
0.777568,0.000000,0.122000
0.782648,0.000000,0.117000
0.787720,0.000000,0.117000
0.792808,0.000000,0.108000
0.797888,0.000000,0.103000
0.802968,0.000000,0.098000
0.808048,0.000000,0.093000
0.000040,4.863000,0.015000
0.005128,4.883000,0.264000
0.010216,4.888000,0.503000
0.015304,4.888000,0.723000
0.020384,4.897000,0.938000
0.025464,4.907000,1.134000
0.030552,4.907000,1.334000
0.035632,4.917000,1.515000
0.040712,4.917000,1.686000
0.045800,4.922000,1.843000
0.050880,4.927000,1.999000
0.055960,4.927000,2.151000
0.061032,4.932000,2.287000
0.066120,4.936000,2.419000
0.071208,4.941000,2.542000
0.076288,4.941000,2.669000
0.081368,4.946000,2.776000
0.086456,4.946000,2.884000
0.091544,4.951000,2.986000
0.096624,4.956000,3.094000
0.101704,4.956000,3.192000
0.106792,4.956000,3.265000
0.111880,4.956000,3.353000
0.116960,4.961000,3.441000
0.122040,4.966000,3.514000
0.127128,4.966000,3.578000
0.132216,4.966000,3.646000
0.137288,4.966000,3.719000
0.142376,4.966000,3.773000
0.147464,4.971000,3.827000
0.152544,4.971000,3.891000
0.157624,4.971000,3.949000
0.162712,4.971000,3.988000
0.167792,4.976000,4.032000
0.172872,4.976000,4.086000
0.177960,4.976000,4.135000
0.183040,4.980000,4.169000
0.188120,4.980000,4.213000
0.193200,4.980000,4.252000
0.198280,4.980000,4.286000
0.203360,4.980000,4.316000
0.208440,4.985000,4.340000
0.213528,4.980000,4.379000
0.218608,4.976000,4.413000
0.223688,4.985000,4.433000
0.228776,4.985000,4.453000
0.233864,4.985000,4.487000
0.238936,4.985000,4.516000
0.244024,4.985000,4.531000
0.249112,4.985000,4.545000
0.254192,4.985000,4.575000
0.259272,4.985000,4.599000
0.264360,4.985000,4.609000
0.269440,4.985000,4.619000
0.274520,4.985000,4.648000
0.279608,4.985000,4.668000
0.284680,4.985000,4.673000
0.289768,4.995000,4.687000
0.294848,4.990000,4.707000
0.299928,4.990000,4.721000
0.305016,4.990000,4.726000
0.310096,4.990000,4.736000
0.315176,4.990000,4.761000
0.320264,4.990000,4.765000
0.325336,4.990000,4.765000
0.330416,4.990000,4.780000
0.335496,4.990000,4.800000
0.340576,4.990000,4.809000
0.345656,4.995000,4.809000
0.350744,4.995000,4.814000
0.355816,4.990000,4.834000
0.360904,4.990000,4.839000
0.365984,4.995000,4.834000
0.371064,4.995000,4.839000
0.376152,4.990000,4.863000
0.381232,4.995000,4.863000
0.386312,5.000000,4.858000
0.391400,4.995000,4.868000
0.396472,4.995000,4.888000
0.401560,4.995000,4.883000
0.406648,0.093000,4.868000
0.411728,0.132000,4.619000
0.416808,0.083000,4.394000
0.421896,0.078000,4.164000
0.426968,0.083000,3.944000
0.432056,0.078000,3.754000
0.437136,0.073000,3.573000
0.442216,0.064000,3.392000
0.447304,0.059000,3.216000
0.452384,0.059000,3.065000
0.457464,0.054000,2.913000
0.462552,0.054000,2.757000
0.467624,0.049000,2.620000
0.472704,0.044000,2.493000
0.477784,0.044000,2.375000
0.482872,0.044000,2.253000
0.487952,0.034000,2.141000
0.493032,0.034000,2.033000
0.498120,0.029000,1.935000
0.503192,0.034000,1.838000
0.508280,0.029000,1.745000
0.513360,0.029000,1.657000
0.518440,0.029000,1.579000
0.523528,0.024000,1.500000
0.528608,0.024000,1.422000
0.533688,0.020000,1.359000
0.538768,0.015000,1.285000
0.543848,0.015000,1.227000
0.548936,0.015000,1.168000
0.554008,0.015000,1.109000
0.559096,0.015000,1.056000
0.564176,0.015000,1.002000
0.569256,0.015000,0.953000
0.574336,0.015000,0.904000
0.579416,0.015000,0.865000
0.584504,0.010000,0.816000
0.589576,0.005000,0.777000
0.594664,0.010000,0.743000
0.599736,0.005000,0.709000
0.604816,0.005000,0.670000
0.609896,0.005000,0.640000
0.614984,0.005000,0.611000
0.620056,0.005000,0.582000
0.625144,0.005000,0.552000
0.630224,0.005000,0.528000
0.635304,0.005000,0.499000
0.640384,0.000000,0.474000
0.645464,0.000000,0.450000
0.650552,0.000000,0.430000
0.655624,0.000000,0.406000
0.660712,0.000000,0.386000
0.665792,0.000000,0.371000
0.670872,0.000000,0.347000
0.675952,0.000000,0.337000
0.681032,0.000000,0.318000
0.686120,0.000000,0.303000
0.691192,0.000000,0.293000
0.696280,0.000000,0.274000
0.701360,0.000000,0.264000
0.706440,0.000000,0.249000
0.711520,0.000000,0.239000
0.716600,0.000000,0.225000
0.721688,0.000000,0.215000
0.726760,0.000000,0.205000
0.731840,0.000000,0.191000
0.736920,0.000000,0.191000
0.741992,0.000000,0.176000
0.747080,0.000000,0.166000
0.752160,0.000000,0.161000
0.757240,0.000000,0.152000
0.762320,0.000000,0.142000
0.767400,0.000000,0.137000
0.772488,0.000000,0.132000
0.777560,0.000000,0.122000
0.782648,0.000000,0.117000
0.787728,0.000000,0.117000
0.792808,0.000000,0.108000
0.797888,0.000000,0.103000
0.802968,0.000000,0.098000
0.808056,0.000000,0.093000
0.000048,4.878000,0.005000
0.005136,4.883000,0.264000
0.010208,4.878000,0.499000
0.015296,4.897000,0.728000
0.020376,4.892000,0.934000
0.025456,4.907000,1.144000
0.030544,4.907000,1.334000
0.035632,4.912000,1.505000
0.040704,4.922000,1.681000
0.045792,4.922000,1.843000
0.050872,4.927000,2.004000
0.055952,4.927000,2.151000
0.061040,4.932000,2.283000
0.066120,4.932000,2.419000
0.071200,4.936000,2.546000
0.076288,4.941000,2.664000
0.081376,4.941000,2.776000
0.086456,4.946000,2.889000
0.091536,4.946000,2.991000
0.096624,4.951000,3.089000
0.101712,4.956000,3.182000
0.106792,4.956000,3.275000
0.111872,4.956000,3.363000
0.116960,4.961000,3.431000
0.122048,4.966000,3.514000
0.127128,4.966000,3.592000
0.132208,4.966000,3.666000
0.137296,4.966000,3.715000
0.142376,4.966000,3.768000
0.147456,4.966000,3.832000
0.152536,4.971000,3.891000
0.157616,4.971000,3.939000
0.162704,4.976000,3.988000
0.167792,4.971000,4.042000
0.172864,4.971000,4.096000
0.177952,4.976000,4.130000
0.183040,4.980000,4.164000
0.188120,4.980000,4.213000
0.193200,4.980000,4.252000
0.198288,4.980000,4.282000
0.203368,4.980000,4.306000
0.208448,4.980000,4.350000
0.213536,4.985000,4.379000
0.218616,4.980000,4.399000
0.223696,4.980000,4.423000
0.228784,4.985000,4.462000
0.233864,4.985000,4.492000
0.238944,4.985000,4.501000
0.244032,4.990000,4.526000
0.249120,4.985000,4.560000
0.254192,4.985000,4.575000
0.259280,4.985000,4.589000
0.264368,4.985000,4.609000
0.269440,4.985000,4.633000
0.274528,4.985000,4.653000
0.279608,4.990000,4.653000
0.284688,4.990000,4.673000
0.289760,4.985000,4.697000
0.294848,4.990000,4.712000
0.299920,4.990000,4.707000
0.305008,4.990000,4.726000
0.310088,4.990000,4.751000
0.315168,4.990000,4.756000
0.320256,4.990000,4.761000
0.325336,4.990000,4.770000
0.330416,4.985000,4.790000
0.335504,4.995000,4.795000
0.340576,4.995000,4.800000
0.345664,4.995000,4.809000
0.350744,4.990000,4.829000
0.355824,4.995000,4.829000
0.360912,4.995000,4.829000
0.365992,4.990000,4.839000
0.371072,4.990000,4.853000
0.376160,4.995000,4.853000
0.381232,4.985000,4.853000
0.386320,4.995000,4.863000
0.391400,4.995000,4.878000
0.396480,4.995000,4.878000
0.401568,4.995000,4.873000
0.406656,0.103000,4.878000
0.411728,0.132000,4.629000
0.416816,0.088000,4.384000
0.421896,0.083000,4.159000
0.426976,0.073000,3.954000
0.432048,0.093000,3.759000
0.437136,0.068000,3.568000
0.442216,0.064000,3.382000
0.447296,0.059000,3.221000
0.452384,0.059000,3.065000
0.457464,0.054000,2.908000
0.462544,0.054000,2.757000
0.467632,0.049000,2.625000
0.472704,0.044000,2.498000
0.477792,0.044000,2.366000
0.482872,0.044000,2.248000
0.487952,0.034000,2.141000
0.493040,0.034000,2.038000
0.498120,0.034000,1.935000
0.503200,0.034000,1.838000
0.508288,0.029000,1.750000
0.513360,0.029000,1.662000
0.518448,0.029000,1.579000
0.523528,0.024000,1.500000
0.528608,0.024000,1.427000
0.533696,0.024000,1.359000
0.538768,0.020000,1.285000
0.543856,0.015000,1.227000
0.548936,0.015000,1.168000
0.554016,0.015000,1.109000
0.559088,0.015000,1.056000
0.564168,0.015000,1.002000
0.569248,0.015000,0.953000
0.574328,0.010000,0.904000
0.579408,0.005000,0.860000
0.584496,0.010000,0.816000
0.589568,0.010000,0.777000
0.594656,0.005000,0.743000
0.599736,0.005000,0.709000
0.604816,0.005000,0.670000
0.609896,0.005000,0.640000
0.614976,0.010000,0.606000
0.620064,0.000000,0.582000
0.625136,0.005000,0.552000
0.630224,0.005000,0.528000
0.635304,0.005000,0.503000
0.640384,0.000000,0.474000
0.645464,0.000000,0.450000
0.650544,0.000000,0.430000
0.655632,0.005000,0.406000
0.660704,0.000000,0.386000
0.665792,0.000000,0.371000
0.670872,0.000000,0.347000
0.675952,0.000000,0.342000
0.681032,0.000000,0.318000
0.686112,0.000000,0.303000
0.691184,0.000000,0.293000
0.696264,0.000000,0.274000
0.701344,0.000000,0.264000
0.706432,0.000000,0.249000
0.711504,0.000000,0.235000
0.716592,0.000000,0.225000
0.721672,0.000000,0.215000
0.726752,0.000000,0.205000
0.731832,0.000000,0.191000
0.736912,0.000000,0.186000
0.742000,0.000000,0.176000
0.747072,0.000000,0.171000
0.752160,0.000000,0.161000
0.757240,0.000000,0.152000
0.762320,0.000000,0.142000
0.767400,0.000000,0.137000
0.772480,0.000000,0.132000
0.777568,0.000000,0.122000
0.782640,0.000000,0.117000
0.787728,0.000000,0.117000
0.792808,0.000000,0.108000
0.797888,0.000000,0.108000
0.802968,0.000000,0.093000
0.808048,0.000000,0.093000
0.000048,4.883000,0.005000
0.005136,4.878000,0.269000
0.010224,4.888000,0.499000
0.015304,4.897000,0.723000
0.020384,4.902000,0.938000
0.025472,4.907000,1.139000
0.030560,4.907000,1.334000
0.035640,4.917000,1.515000
0.040720,4.917000,1.681000
0.045808,4.922000,1.848000
0.050888,4.927000,1.999000
0.055968,4.927000,2.146000
0.061056,4.932000,2.283000
0.066128,4.932000,2.424000
0.071216,4.941000,2.542000
0.076304,4.941000,2.664000
0.081384,4.941000,2.776000
0.086464,4.941000,2.889000
0.091552,4.951000,2.986000
0.096632,4.956000,3.089000
0.101712,4.956000,3.187000
0.106792,4.956000,3.275000
0.111872,4.961000,3.353000
0.116960,4.961000,3.431000
0.122048,4.961000,3.509000
0.127128,4.966000,3.583000
0.132208,4.966000,3.646000
0.137296,4.966000,3.710000
0.142384,4.966000,3.773000
0.147464,4.966000,3.837000
0.152544,4.971000,3.886000
0.157632,4.971000,3.935000
0.162712,4.971000,3.993000
0.167792,4.971000,4.047000
0.172880,4.976000,4.081000
0.177960,4.976000,4.125000
0.183040,4.976000,4.174000
0.188128,4.980000,4.218000
0.193208,4.980000,4.242000
0.198288,4.980000,4.277000
0.203376,4.980000,4.316000
0.208464,4.980000,4.350000
0.213536,4.985000,4.374000
0.218624,4.980000,4.399000
0.223712,4.985000,4.438000
0.228792,4.985000,4.462000
0.233872,4.985000,4.472000
0.238952,4.985000,4.501000
0.244032,4.985000,4.531000
0.249112,4.985000,4.550000
0.254192,4.985000,4.565000
0.259280,4.985000,4.589000
0.264360,4.985000,4.614000
0.269440,4.985000,4.629000
0.274528,4.990000,4.643000
0.279600,4.990000,4.653000
0.284688,4.985000,4.687000
0.289768,4.990000,4.692000
0.294848,4.990000,4.697000
0.299936,4.990000,4.712000
0.305016,4.990000,4.736000
0.310096,4.990000,4.746000
0.315184,4.990000,4.751000
0.320256,4.990000,4.761000
0.325344,4.990000,4.780000
0.330424,4.990000,4.785000
0.335504,4.995000,4.785000
0.340592,4.995000,4.800000
0.345672,4.990000,4.814000
0.350752,4.990000,4.814000
0.355840,4.995000,4.819000
0.360912,4.995000,4.834000
0.366000,4.990000,4.848000
0.371080,4.995000,4.848000
0.376160,4.995000,4.844000
0.381240,4.995000,4.858000
0.386320,4.995000,4.873000
0.391408,4.995000,4.873000
0.396480,4.995000,4.868000
0.401568,4.995000,4.883000
0.406656,0.093000,4.883000
0.411736,0.093000,4.619000
0.416816,0.083000,4.379000
0.421904,0.083000,4.164000
0.426984,0.108000,3.964000
0.432064,0.073000,3.754000
0.437152,0.068000,3.558000
0.442224,0.064000,3.392000
0.447312,0.059000,3.226000
0.452392,0.059000,3.060000
0.457472,0.054000,2.903000
0.462560,0.054000,2.766000
0.467640,0.049000,2.625000
0.472720,0.044000,2.493000
0.477808,0.044000,2.366000
0.482880,0.034000,2.253000
0.487968,0.034000,2.146000
0.493048,0.034000,2.028000
0.498128,0.034000,1.935000
0.503216,0.034000,1.838000
0.508296,0.029000,1.755000
0.513376,0.029000,1.657000
0.518448,0.029000,1.579000
0.523536,0.024000,1.500000
0.528616,0.024000,1.427000
0.533696,0.024000,1.359000
0.538784,0.015000,1.285000
0.543856,0.015000,1.227000
0.548944,0.015000,1.168000
0.554024,0.015000,1.109000
0.559104,0.015000,1.056000
0.564184,0.015000,1.007000
0.569264,0.015000,0.953000
0.574352,0.015000,0.904000
0.579424,0.010000,0.860000
0.584512,0.005000,0.816000
0.589592,0.010000,0.777000
0.594672,0.010000,0.743000
0.599752,0.005000,0.699000
0.604832,0.005000,0.670000
0.609920,0.005000,0.640000
0.614992,0.005000,0.606000
0.620080,0.005000,0.582000
0.625160,0.005000,0.552000
0.630240,0.000000,0.528000
0.635320,0.005000,0.503000
0.640400,0.005000,0.474000
0.645480,0.000000,0.450000
0.650552,0.000000,0.430000
0.655632,0.000000,0.411000
0.660720,0.000000,0.386000
0.665792,0.000000,0.371000
0.670880,0.000000,0.352000
0.675960,0.000000,0.332000
0.681040,0.000000,0.318000
0.686120,0.000000,0.303000
0.691200,0.000000,0.288000
0.696288,0.000000,0.274000
0.701360,0.000000,0.264000
0.706448,0.000000,0.249000
0.711528,0.000000,0.239000
0.716608,0.000000,0.225000
0.721688,0.000000,0.215000
0.726768,0.000000,0.200000
0.731856,0.000000,0.191000
0.736928,0.000000,0.186000
0.742016,0.000000,0.176000
0.747096,0.000000,0.166000
0.752176,0.000000,0.161000
0.757256,0.000000,0.152000
0.762336,0.000000,0.147000
0.767424,0.000000,0.137000
0.772496,0.000000,0.132000
0.777576,0.000000,0.122000
0.782656,0.000000,0.117000
0.787728,0.000000,0.117000
0.792816,0.000000,0.108000
0.797896,0.000000,0.103000
0.802976,0.000000,0.093000
0.808056,0.000000,0.093000
0.000032,4.878000,0.005000
0.005128,4.883000,0.269000
0.010208,4.892000,0.499000
0.015296,4.892000,0.723000
0.020384,4.897000,0.938000
0.025464,4.907000,1.149000
0.030544,4.907000,1.329000
0.035632,4.907000,1.515000
0.040712,4.917000,1.686000
0.045792,4.922000,1.843000
0.050872,4.927000,1.994000
0.055952,4.927000,2.151000
0.061024,4.932000,2.287000
0.066112,4.936000,2.419000
0.071200,4.941000,2.537000
0.076280,4.941000,2.674000
0.081360,4.941000,2.781000
0.086448,4.946000,2.889000
0.091536,4.951000,2.986000
0.096616,4.951000,3.089000
0.101696,4.956000,3.187000
0.106784,4.956000,3.265000
0.111872,4.961000,3.353000
0.116952,4.961000,3.441000
0.122032,4.961000,3.514000
0.127120,4.966000,3.583000
0.132208,4.966000,3.641000
0.137288,4.966000,3.715000
0.142368,4.966000,3.788000
0.147456,4.966000,3.827000
0.152536,4.971000,3.886000
0.157616,4.971000,3.944000
0.162704,4.971000,3.993000
0.167784,4.971000,4.032000
0.172864,4.976000,4.081000
0.177952,4.976000,4.135000
0.183032,4.976000,4.174000
0.188112,4.980000,4.203000
0.193192,4.980000,4.242000
0.198272,4.980000,4.286000
0.203360,4.980000,4.316000
0.208448,4.985000,4.340000
0.213520,4.985000,4.374000
0.218608,4.985000,4.413000
0.223696,4.985000,4.438000
0.228776,4.985000,4.453000
0.233856,4.985000,4.477000
0.238944,4.985000,4.516000
0.244024,4.985000,4.531000
0.249104,4.985000,4.550000
0.254192,4.985000,4.570000
0.259272,4.985000,4.599000
0.264352,4.985000,4.614000
0.269440,4.990000,4.619000
0.274520,4.980000,4.643000
0.279600,4.985000,4.668000
0.284688,4.985000,4.677000
0.289768,4.990000,4.682000
0.294848,4.990000,4.707000
0.299936,4.990000,4.726000
0.305008,4.990000,4.726000
0.310096,4.990000,4.736000
0.315176,4.990000,4.756000
0.320256,4.990000,4.765000
0.325344,4.985000,4.780000
0.330424,4.995000,4.775000
0.335504,4.990000,4.795000
0.340576,4.990000,4.809000
0.345664,4.990000,4.809000
0.350744,4.995000,4.809000
0.355824,4.990000,4.829000
0.360912,4.990000,4.839000
0.365992,4.995000,4.839000
0.371072,4.995000,4.839000
0.376160,4.990000,4.853000
0.381232,4.995000,4.863000
0.386320,4.995000,4.863000
0.391400,4.995000,4.863000
0.396480,4.995000,4.883000
0.401568,4.995000,4.888000
0.406656,0.093000,4.868000
0.411728,0.098000,4.614000
0.416816,0.083000,4.389000
0.421896,0.078000,4.169000
0.426976,0.073000,3.944000
0.432064,0.073000,3.754000
0.437144,0.073000,3.568000
0.442224,0.064000,3.397000
0.447312,0.059000,3.221000
0.452384,0.064000,3.060000
0.457472,0.054000,2.908000
0.462552,0.054000,2.766000
0.467632,0.044000,2.620000
0.472712,0.044000,2.493000
0.477792,0.044000,2.375000
0.482880,0.034000,2.258000
0.487952,0.034000,2.141000
0.493040,0.034000,2.028000
0.498120,0.034000,1.935000
0.503200,0.034000,1.838000
0.508288,0.034000,1.745000
0.513368,0.029000,1.657000
0.518448,0.029000,1.579000
0.523536,0.024000,1.500000
0.528616,0.024000,1.422000
0.533696,0.020000,1.359000
0.538776,0.015000,1.285000
0.543856,0.015000,1.227000
0.548944,0.015000,1.168000
0.554016,0.015000,1.109000
0.559104,0.015000,1.056000
0.564184,0.015000,1.002000
0.569264,0.015000,0.953000
0.574344,0.015000,0.904000
0.579424,0.015000,0.865000
0.584512,0.010000,0.816000
0.589584,0.005000,0.777000
0.594672,0.010000,0.743000
0.599744,0.005000,0.709000
0.604824,0.005000,0.670000
0.609904,0.005000,0.640000
0.614992,0.005000,0.611000
0.620064,0.005000,0.582000
0.625152,0.005000,0.552000
0.630232,0.005000,0.528000
0.635312,0.005000,0.499000
0.640392,0.000000,0.474000
0.645472,0.000000,0.450000
0.650560,0.000000,0.430000
0.655632,0.000000,0.406000
0.660720,0.000000,0.386000
0.665800,0.000000,0.371000
0.670880,0.000000,0.347000
0.675960,0.000000,0.332000
0.681040,0.000000,0.323000
0.686128,0.000000,0.303000
0.691200,0.000000,0.288000
0.696288,0.000000,0.274000
0.701368,0.000000,0.264000
0.706448,0.000000,0.249000
0.711528,0.000000,0.235000
0.716608,0.000000,0.225000
0.721696,0.000000,0.215000
0.726768,0.000000,0.200000
0.731848,0.000000,0.191000
0.736928,0.000000,0.186000
0.742000,0.000000,0.176000
0.747088,0.000000,0.166000
0.752168,0.000000,0.161000
0.757248,0.000000,0.152000
0.762328,0.000000,0.147000
0.767408,0.000000,0.137000
0.772496,0.000000,0.132000
0.777568,0.000000,0.122000
0.782656,0.000000,0.117000
0.787728,0.000000,0.117000
0.792816,0.000000,0.108000
0.797896,0.000000,0.103000
0.802976,0.000000,0.098000
0.808056,0.000000,0.093000
0.000048,4.868000,0.000000
0.005136,4.878000,0.264000
0.010216,4.892000,0.499000
0.015304,4.897000,0.728000
0.020384,4.892000,0.938000
0.025464,4.907000,1.139000
0.030552,4.907000,1.334000
0.035632,4.907000,1.515000
0.040712,4.917000,1.681000
0.045800,4.922000,1.843000
0.050880,4.927000,2.004000
0.055960,4.927000,2.151000
0.061048,4.932000,2.283000
0.066120,4.936000,2.419000
0.071208,4.936000,2.551000
0.076296,4.941000,2.664000
0.081376,4.941000,2.776000
0.086456,4.946000,2.884000
0.091544,4.946000,2.996000
0.096632,4.956000,3.089000
0.101712,4.956000,3.182000
0.106792,4.956000,3.265000
0.111880,4.956000,3.363000
0.116968,4.961000,3.436000
0.122048,4.966000,3.504000
0.127128,4.966000,3.578000
0.132216,4.966000,3.656000
0.137304,4.966000,3.715000
0.142384,4.966000,3.768000
0.147464,4.966000,3.827000
0.152544,4.971000,3.895000
0.157624,4.966000,3.944000
0.162712,4.976000,3.988000
0.167792,4.976000,4.042000
0.172872,4.971000,4.091000
0.177960,4.976000,4.135000
0.183040,4.980000,4.164000
0.188120,4.980000,4.208000
0.193208,4.980000,4.257000
0.198296,4.980000,4.282000
0.203368,4.980000,4.306000
0.208456,4.980000,4.345000
0.213544,4.980000,4.384000
0.218624,4.985000,4.409000
0.223704,4.980000,4.423000
0.228792,4.985000,4.457000
0.233872,4.985000,4.492000
0.238952,4.985000,4.501000
0.244040,4.985000,4.526000
0.249120,4.985000,4.560000
0.254200,4.985000,4.575000
0.259288,4.985000,4.589000
0.264368,4.985000,4.604000
0.269448,4.985000,4.638000
0.274536,4.985000,4.653000
0.279616,4.990000,4.653000
0.284696,4.990000,4.668000
0.289768,4.990000,4.697000
0.294848,4.990000,4.712000
0.299928,4.990000,4.712000
0.305016,4.990000,4.721000
0.310096,4.990000,4.746000
0.315176,4.990000,4.765000
0.320264,4.990000,4.756000
0.325336,4.990000,4.765000
0.330424,4.985000,4.785000
0.335504,4.990000,4.800000
0.340584,4.995000,4.795000
0.345672,4.990000,4.809000
0.350752,4.990000,4.829000
0.355832,4.990000,4.829000
0.360920,4.995000,4.829000
0.365992,4.995000,4.839000
0.371080,4.990000,4.853000
0.376160,4.995000,4.853000
0.381240,4.990000,4.853000
0.386328,4.995000,4.863000
0.391408,4.995000,4.878000
0.396488,4.995000,4.878000
0.401576,4.995000,4.878000
0.406664,0.098000,4.873000
0.411736,0.103000,4.624000
0.416824,0.083000,4.389000
0.421904,0.078000,4.154000
0.426984,0.073000,3.954000
0.432056,0.073000,3.768000
0.437144,0.068000,3.578000
0.442224,0.064000,3.382000
0.447304,0.059000,3.221000
0.452392,0.059000,3.065000
0.457472,0.059000,2.908000
0.462552,0.054000,2.757000
0.467640,0.049000,2.620000
0.472712,0.044000,2.498000
0.477800,0.044000,2.375000
0.482880,0.039000,2.248000
0.487960,0.039000,2.141000
0.493048,0.034000,2.038000
0.498128,0.034000,1.935000
0.503208,0.034000,1.838000
0.508296,0.029000,1.750000
0.513368,0.029000,1.662000
0.518456,0.029000,1.579000
0.523536,0.024000,1.500000
0.528616,0.024000,1.422000
0.533704,0.020000,1.359000
0.538784,0.024000,1.285000
0.543864,0.015000,1.227000
0.548944,0.015000,1.168000
0.554024,0.015000,1.109000
0.559096,0.015000,1.056000
0.564176,0.015000,1.002000
0.569256,0.015000,0.953000
0.574344,0.015000,0.914000
0.579416,0.010000,0.860000
0.584504,0.005000,0.816000
0.589576,0.010000,0.777000
0.594664,0.010000,0.743000
0.599744,0.005000,0.704000
0.604824,0.005000,0.670000
0.609904,0.005000,0.640000
0.614984,0.005000,0.611000
0.620072,0.005000,0.582000
0.625144,0.000000,0.552000
0.630232,0.005000,0.528000
0.635312,0.005000,0.499000
0.640392,0.000000,0.474000
0.645472,0.000000,0.450000
0.650552,0.000000,0.430000
0.655640,0.005000,0.406000
0.660712,0.005000,0.386000
0.665800,0.000000,0.371000
0.670880,0.000000,0.347000
0.675960,0.000000,0.337000
0.681040,0.000000,0.323000
0.686120,0.000000,0.303000
0.691192,0.000000,0.293000
0.696272,0.000000,0.274000
0.701352,0.000000,0.264000
0.706440,0.000000,0.249000
0.711512,0.000000,0.239000
0.716600,0.000000,0.225000
0.721672,0.000000,0.215000
0.726760,0.000000,0.205000
0.731840,0.000000,0.191000
0.736920,0.000000,0.186000
0.742000,0.000000,0.176000
0.747080,0.000000,0.171000
0.752168,0.000000,0.161000
0.757240,0.000000,0.152000
0.762328,0.000000,0.142000
0.767408,0.000000,0.137000
0.772488,0.000000,0.132000
0.777568,0.000000,0.122000
0.782648,0.000000,0.117000
0.787736,0.000000,0.117000
0.792808,0.000000,0.108000
0.797896,0.000000,0.108000
0.802976,0.000000,0.098000
0.808056,0.000000,0.093000
0.000040,4.868000,0.010000
0.005136,4.883000,0.264000
0.010216,4.883000,0.503000
0.015296,4.897000,0.723000
0.020384,4.902000,0.938000
0.025472,4.907000,1.139000
0.030544,4.902000,1.325000
0.035632,4.912000,1.505000
0.040720,4.917000,1.681000
0.045792,4.922000,1.852000
0.050880,4.922000,1.999000
0.055960,4.927000,2.146000
0.061040,4.932000,2.283000
0.066128,4.927000,2.424000
0.071208,4.936000,2.542000
0.076288,4.941000,2.659000
0.081376,4.941000,2.776000
0.086464,4.946000,2.889000
0.091544,4.951000,2.991000
0.096624,4.951000,3.089000
0.101712,4.956000,3.182000
0.106792,4.956000,3.275000
0.111872,4.961000,3.353000
0.116960,4.961000,3.431000
0.122048,4.966000,3.509000
0.127128,4.966000,3.592000
0.132208,4.966000,3.651000
0.137296,4.966000,3.710000
0.142376,4.966000,3.773000
0.147456,4.966000,3.837000
0.152544,4.971000,3.886000
0.157624,4.971000,3.935000
0.162704,4.971000,3.993000
0.167792,4.976000,4.047000
0.172880,4.976000,4.081000
0.177952,4.976000,4.125000
0.183040,4.976000,4.174000
0.188128,4.980000,4.218000
0.193208,4.980000,4.242000
0.198288,4.980000,4.277000
0.203376,4.980000,4.316000
0.208456,4.980000,4.350000
0.213536,4.985000,4.374000
0.218624,4.985000,4.399000
0.223704,4.985000,4.438000
0.228784,4.980000,4.462000
0.233872,4.985000,4.482000
0.238952,4.985000,4.501000
0.244032,4.985000,4.531000
0.249112,4.985000,4.555000
0.254192,4.985000,4.565000
0.259280,4.985000,4.594000
0.264360,4.985000,4.614000
0.269440,4.985000,4.629000
0.274528,4.985000,4.638000
0.279600,4.990000,4.658000
0.284688,4.985000,4.682000
0.289768,4.990000,4.692000
0.294848,4.990000,4.697000
0.299936,4.990000,4.717000
0.305016,4.990000,4.736000
0.310096,4.990000,4.746000
0.315184,4.990000,4.751000
0.320256,4.990000,4.761000
0.325344,4.990000,4.780000
0.330424,4.990000,4.785000
0.335504,4.995000,4.785000
0.340592,4.995000,4.800000
0.345672,4.990000,4.814000
0.350752,4.990000,4.824000
0.355840,4.995000,4.814000
0.360912,4.995000,4.834000
0.366000,4.990000,4.848000
0.371080,4.990000,4.848000
0.376160,4.985000,4.848000
0.381240,4.995000,4.858000
0.386320,4.995000,4.873000
0.391408,4.995000,4.868000
0.396488,4.995000,4.868000
0.401568,4.990000,4.883000
0.406656,0.093000,4.883000
0.411736,0.093000,4.614000
0.416816,0.083000,4.379000
0.421904,0.088000,4.164000
0.426984,0.083000,3.959000
0.432064,0.073000,3.754000
0.437152,0.068000,3.563000
0.442224,0.073000,3.392000
0.447312,0.059000,3.221000
0.452392,0.059000,3.055000
0.457472,0.054000,2.903000
0.462560,0.054000,2.766000
0.467640,0.049000,2.625000
0.472720,0.049000,2.493000
0.477808,0.044000,2.370000
0.482880,0.034000,2.258000
0.487968,0.039000,2.146000
0.493048,0.034000,2.028000
0.498128,0.034000,1.935000
0.503216,0.029000,1.838000
0.508296,0.029000,1.750000
0.513376,0.029000,1.657000
0.518456,0.029000,1.579000
0.523536,0.024000,1.500000
0.528624,0.024000,1.427000
0.533696,0.020000,1.359000
0.538784,0.020000,1.285000
0.543864,0.015000,1.232000
0.548944,0.015000,1.168000
0.554024,0.015000,1.109000
0.559104,0.015000,1.056000
0.564192,0.015000,1.002000
0.569264,0.015000,0.953000
0.574352,0.015000,0.904000
0.579432,0.015000,0.860000
0.584512,0.010000,0.816000
0.589592,0.005000,0.777000
0.594672,0.010000,0.743000
0.599760,0.005000,0.709000
0.604832,0.005000,0.674000
0.609920,0.005000,0.640000
0.615000,0.005000,0.606000
0.620080,0.005000,0.582000
0.625160,0.005000,0.552000
0.630240,0.005000,0.528000
0.635328,0.000000,0.499000
0.640400,0.000000,0.474000
0.645480,0.000000,0.450000
0.650560,0.000000,0.430000
0.655632,0.000000,0.406000
0.660720,0.005000,0.386000
0.665800,0.000000,0.371000
0.670880,0.000000,0.347000
0.675960,0.000000,0.337000
0.681040,0.000000,0.318000
0.686128,0.000000,0.303000
0.691200,0.000000,0.293000
0.696288,0.000000,0.274000
0.701368,0.000000,0.264000
0.706448,0.000000,0.249000
0.711528,0.000000,0.235000
0.716608,0.000000,0.225000
0.721696,0.000000,0.220000
0.726768,0.000000,0.205000
0.731856,0.000000,0.191000
0.736936,0.000000,0.186000
0.742016,0.000000,0.176000
0.747096,0.000000,0.166000
0.752176,0.000000,0.161000
0.757264,0.000000,0.152000
0.762336,0.000000,0.147000
0.767424,0.000000,0.137000
0.772504,0.000000,0.132000
0.777576,0.000000,0.122000
0.782656,0.000000,0.122000
0.787728,0.000000,0.117000
0.792816,0.000000,0.108000
0.797896,0.000000,0.103000
0.802976,0.000000,0.093000
0.808056,0.000000,0.093000
0.000040,4.863000,0.000000
0.005128,4.883000,0.264000
0.010216,4.888000,0.503000
0.015304,4.892000,0.723000
0.020392,4.902000,0.938000
0.025464,4.897000,1.134000
0.030552,4.907000,1.325000
0.035640,4.912000,1.515000
0.040720,4.917000,1.686000
0.045800,4.922000,1.843000
0.050880,4.927000,1.999000
0.055960,4.922000,2.151000
0.061032,4.927000,2.287000
0.066120,4.932000,2.419000
0.071208,4.941000,2.546000
0.076288,4.941000,2.664000
0.081368,4.941000,2.781000
0.086456,4.946000,2.889000
0.091544,4.946000,2.986000
0.096624,4.951000,3.094000
0.101704,4.956000,3.187000
0.106792,4.956000,3.265000
0.111880,4.961000,3.353000
0.116960,4.961000,3.441000
0.122040,4.961000,3.514000
0.127128,4.961000,3.578000
0.132216,4.966000,3.641000
0.137296,4.966000,3.719000
0.142376,4.966000,3.773000
0.147464,4.966000,3.827000
0.152544,4.966000,3.886000
0.157624,4.971000,3.944000
0.162712,4.971000,3.993000
0.167792,4.980000,4.032000
0.172872,4.976000,4.086000
0.177960,4.971000,4.135000
0.183040,4.976000,4.174000
0.188120,4.971000,4.208000
0.193192,4.980000,4.242000
0.198280,4.980000,4.286000
0.203360,4.980000,4.316000
0.208440,4.985000,4.340000
0.213528,4.985000,4.379000
0.218616,4.985000,4.413000
0.223688,4.985000,4.438000
0.228776,4.985000,4.453000
0.233864,4.985000,4.487000
0.238944,4.985000,4.516000
0.244024,4.985000,4.531000
0.249112,4.985000,4.541000
0.254192,4.985000,4.570000
0.259272,4.985000,4.599000
0.264360,4.985000,4.609000
0.269440,4.985000,4.619000
0.274520,4.985000,4.648000
0.279608,4.985000,4.668000
0.284688,4.995000,4.673000
0.289768,4.990000,4.682000
0.294856,4.990000,4.707000
0.299928,4.990000,4.726000
0.305016,4.990000,4.726000
0.310096,4.985000,4.736000
0.315176,4.995000,4.756000
0.320264,4.990000,4.765000
0.325344,4.990000,4.765000
0.330424,4.995000,4.775000
0.335496,4.990000,4.800000
0.340584,4.990000,4.809000
0.345664,4.995000,4.809000
0.350744,4.995000,4.809000
0.355832,4.995000,4.829000
0.360912,4.995000,4.839000
0.365992,4.995000,4.834000
0.371080,4.995000,4.844000
0.376152,4.990000,4.858000
0.381240,4.990000,4.863000
0.386320,4.995000,4.858000
0.391400,4.995000,4.863000
0.396488,4.995000,4.883000
0.401568,4.995000,4.883000
0.406648,0.122000,4.868000
0.411736,0.117000,4.614000
0.416816,0.083000,4.394000
0.421896,0.083000,4.169000
0.426984,0.073000,3.944000
0.432064,0.073000,3.759000
0.437144,0.068000,3.578000
0.442232,0.064000,3.392000
0.447304,0.064000,3.216000
0.452392,0.059000,3.055000
0.457472,0.054000,2.908000
0.462552,0.054000,2.761000
0.467624,0.049000,2.620000
0.472712,0.044000,2.493000
0.477784,0.044000,2.375000
0.482872,0.034000,2.258000
0.487952,0.034000,2.141000
0.493032,0.034000,2.028000
0.498120,0.034000,1.935000
0.503200,0.034000,1.838000
0.508280,0.029000,1.750000
0.513368,0.029000,1.657000
0.518440,0.029000,1.579000
0.523528,0.029000,1.500000
0.528608,0.024000,1.422000
0.533688,0.020000,1.359000
0.538776,0.015000,1.285000
0.543848,0.015000,1.232000
0.548936,0.015000,1.168000
0.554016,0.015000,1.109000
0.559096,0.015000,1.056000
0.564176,0.015000,1.002000
0.569256,0.015000,0.953000
0.574344,0.015000,0.904000
0.579416,0.005000,0.865000
0.584504,0.010000,0.816000
0.589584,0.010000,0.782000
0.594664,0.010000,0.743000
0.599744,0.005000,0.709000
0.604816,0.010000,0.670000
0.609896,0.005000,0.640000
0.614984,0.005000,0.606000
0.620056,0.005000,0.587000
0.625144,0.005000,0.552000
0.630224,0.005000,0.528000
0.635304,0.000000,0.503000
0.640384,0.005000,0.474000
0.645464,0.005000,0.450000
0.650552,0.005000,0.430000
0.655624,0.000000,0.406000
0.660712,0.000000,0.386000
0.665792,0.000000,0.371000
0.670872,0.000000,0.347000
0.675952,0.000000,0.332000
0.681032,0.000000,0.318000
0.686120,0.000000,0.303000
0.691192,0.000000,0.288000
0.696280,0.000000,0.274000
0.701360,0.000000,0.264000
0.706440,0.000000,0.249000
0.711520,0.000000,0.239000
0.716600,0.000000,0.235000
0.721688,0.000000,0.215000
0.726760,0.000000,0.205000
0.731840,0.000000,0.191000
0.736912,0.000000,0.186000
0.741992,0.000000,0.176000
0.747080,0.000000,0.171000
0.752152,0.000000,0.152000
0.757240,0.000000,0.152000
0.762320,0.000000,0.147000
0.767400,0.000000,0.137000
0.772480,0.000000,0.132000
0.777560,0.000000,0.122000
0.782648,0.000000,0.117000
0.787720,0.000000,0.117000
0.792808,0.000000,0.108000
0.797888,0.000000,0.098000
0.802968,0.000000,0.098000
0.808048,0.000000,0.093000
0.000048,4.878000,0.015000
0.005128,4.883000,0.264000
0.010216,4.888000,0.503000
0.015304,4.892000,0.723000
0.020384,4.902000,0.938000
0.025464,4.907000,1.139000
0.030552,4.907000,1.325000
0.035632,4.917000,1.510000
0.040712,4.922000,1.681000
0.045800,4.922000,1.843000
0.050880,4.927000,2.004000
0.055960,4.927000,2.151000
0.061048,4.927000,2.283000
0.066128,4.936000,2.419000
0.071208,4.936000,2.546000
0.076296,4.941000,2.674000
0.081384,4.941000,2.776000
0.086464,4.946000,2.889000
0.091544,4.946000,3.001000
0.096632,4.951000,3.094000
0.101720,4.956000,3.187000
0.106800,4.956000,3.265000
0.111880,4.956000,3.363000
0.116968,4.961000,3.436000
0.122056,4.966000,3.504000
0.127136,4.966000,3.578000
0.132216,4.966000,3.656000
0.137304,4.966000,3.715000
0.142384,4.966000,3.768000
0.147464,4.966000,3.832000
0.152544,4.971000,3.900000
0.157624,4.971000,3.939000
0.162712,4.971000,3.988000
0.167792,4.971000,4.042000
0.172872,4.971000,4.091000
0.177960,4.976000,4.130000
0.183040,4.980000,4.159000
0.188120,4.980000,4.213000
0.193208,4.980000,4.252000
0.198288,4.980000,4.286000
0.203368,4.985000,4.306000
0.208456,4.980000,4.360000
0.213544,4.980000,4.379000
0.218616,4.985000,4.399000
0.223704,4.985000,4.428000
0.228792,4.985000,4.462000
0.233872,4.985000,4.492000
0.238952,4.985000,4.501000
0.244040,4.985000,4.526000
0.249120,4.985000,4.560000
0.254200,4.985000,4.575000
0.259288,4.985000,4.585000
0.264368,4.985000,4.604000
0.269448,4.990000,4.629000
0.274536,4.985000,4.653000
0.279616,4.985000,4.653000
0.284696,4.990000,4.673000
0.289768,4.985000,4.692000
0.294856,4.990000,4.707000
0.299936,4.990000,4.707000
0.305016,4.990000,4.721000
0.310104,4.990000,4.746000
0.315184,4.990000,4.765000
0.320264,4.990000,4.756000
0.325352,4.990000,4.765000
0.330424,4.990000,4.795000
0.335512,4.995000,4.795000
0.340592,4.995000,4.795000
0.345672,4.995000,4.809000
0.350760,4.990000,4.829000
0.355840,4.995000,4.829000
0.360920,4.995000,4.829000
0.366008,4.995000,4.839000
0.371080,4.995000,4.853000
0.376168,4.995000,4.858000
0.381248,4.995000,4.853000
0.386328,4.995000,4.858000
0.391416,4.995000,4.878000
0.396496,4.995000,4.878000
0.401576,4.995000,4.873000
0.406664,0.093000,4.878000
0.411744,0.093000,4.629000
0.416824,0.083000,4.384000
0.421896,0.093000,4.159000
0.426984,0.073000,3.954000
0.432056,0.083000,3.778000
0.437144,0.068000,3.563000
0.442224,0.064000,3.382000
0.447304,0.064000,3.221000
0.452392,0.059000,3.065000
0.457472,0.054000,2.908000
0.462552,0.054000,2.757000
0.467640,0.049000,2.625000
0.472712,0.049000,2.498000
0.477800,0.044000,2.366000
0.482880,0.034000,2.248000
0.487960,0.034000,2.146000
0.493048,0.034000,2.038000
0.498128,0.034000,1.935000
0.503208,0.034000,1.838000
0.508296,0.029000,1.750000
0.513368,0.029000,1.662000
0.518456,0.029000,1.579000
0.523536,0.024000,1.500000
0.528616,0.024000,1.427000
0.533704,0.020000,1.359000
0.538784,0.015000,1.285000
0.543864,0.020000,1.227000
0.548944,0.015000,1.173000
0.554024,0.015000,1.109000
0.559096,0.015000,1.056000
0.564176,0.015000,1.002000
0.569256,0.010000,0.953000
0.574336,0.015000,0.904000
0.579416,0.010000,0.865000
0.584504,0.010000,0.816000
0.589576,0.010000,0.777000
0.594664,0.010000,0.743000
0.599744,0.010000,0.704000
0.604824,0.010000,0.670000
0.609904,0.005000,0.640000
0.614984,0.005000,0.611000
0.620072,0.005000,0.582000
0.625144,0.005000,0.552000
0.630232,0.005000,0.523000
0.635304,0.000000,0.499000
0.640392,0.000000,0.474000
0.645472,0.000000,0.455000
0.650552,0.005000,0.430000
0.655632,0.000000,0.406000
0.660712,0.000000,0.386000
0.665800,0.000000,0.371000
0.670872,0.000000,0.347000
0.675960,0.000000,0.332000
0.681040,0.000000,0.318000
0.686120,0.000000,0.308000
0.691192,0.000000,0.293000
0.696272,0.000000,0.279000
0.701352,0.000000,0.264000
0.706432,0.000000,0.249000
0.711512,0.000000,0.235000
0.716600,0.000000,0.225000
0.721672,0.000000,0.215000
0.726760,0.000000,0.200000
0.731840,0.000000,0.191000
0.736920,0.000000,0.186000
0.742000,0.000000,0.176000
0.747080,0.000000,0.171000
0.752168,0.000000,0.156000
0.757240,0.000000,0.152000
0.762328,0.000000,0.147000
0.767408,0.000000,0.137000
0.772488,0.000000,0.132000
0.777568,0.000000,0.122000
0.782648,0.000000,0.117000
0.787736,0.000000,0.117000
0.792808,0.000000,0.108000
0.797896,0.000000,0.098000
0.802976,0.000000,0.098000
0.808056,0.000000,0.093000
0.000040,4.878000,0.005000
0.005128,4.883000,0.254000
0.010208,4.883000,0.499000
0.015296,4.892000,0.728000
0.020384,4.902000,0.938000
0.025464,4.892000,1.134000
0.030544,4.907000,1.329000
0.035632,4.912000,1.505000
0.040712,4.912000,1.681000
0.045792,4.922000,1.848000
0.050880,4.917000,1.999000
0.055960,4.927000,2.151000
0.061040,4.932000,2.287000
0.066128,4.932000,2.424000
0.071208,4.941000,2.546000
0.076288,4.941000,2.664000
0.081376,4.941000,2.781000
0.086464,4.946000,2.889000
0.091544,4.946000,2.986000
0.096624,4.951000,3.089000
0.101704,4.956000,3.187000
0.106784,4.956000,3.275000
0.111872,4.961000,3.353000
0.116960,4.961000,3.431000
0.122040,4.961000,3.509000
0.127120,4.961000,3.587000
0.132208,4.966000,3.641000
0.137296,4.966000,3.710000
0.142376,4.966000,3.778000
0.147456,4.971000,3.837000
0.152544,4.971000,3.886000
0.157624,4.971000,3.939000
0.162704,4.971000,3.993000
0.167792,4.971000,4.047000
0.172872,4.976000,4.081000
0.177952,4.976000,4.125000
0.183040,4.976000,4.174000
0.188120,4.976000,4.213000
0.193200,4.980000,4.238000
0.198288,4.980000,4.277000
0.203376,4.971000,4.321000
0.208448,4.980000,4.345000
0.213536,4.985000,4.374000
0.218624,4.985000,4.399000
0.223704,4.985000,4.438000
0.228784,4.985000,4.462000
0.233864,4.985000,4.477000
0.238944,4.985000,4.501000
0.244016,4.985000,4.531000
0.249104,4.980000,4.550000
0.254192,4.985000,4.565000
0.259272,4.985000,4.589000
0.264352,4.985000,4.619000
0.269440,4.990000,4.629000
0.274512,4.990000,4.643000
0.279600,4.990000,4.658000
0.284680,4.985000,4.687000
0.289760,4.990000,4.692000
0.294848,4.990000,4.697000
0.299928,4.990000,4.717000
0.305008,4.990000,4.736000
0.310096,4.990000,4.746000
0.315168,4.995000,4.746000
0.320256,4.995000,4.761000
0.325336,4.990000,4.785000
0.330416,4.990000,4.785000
0.335504,4.995000,4.785000
0.340584,4.990000,4.804000
0.345664,4.990000,4.814000
0.350752,4.990000,4.819000
0.355824,4.995000,4.819000
0.360912,4.995000,4.839000
0.365992,4.990000,4.848000
0.371072,4.995000,4.848000
0.376144,4.995000,4.848000
0.381232,4.995000,4.863000
0.386304,4.995000,4.873000
0.391392,4.995000,4.868000
0.396472,4.995000,4.868000
0.401552,4.985000,4.883000
0.406640,0.098000,4.883000
0.411728,0.093000,4.619000
0.416800,0.117000,4.379000
0.421888,0.083000,4.164000
0.426968,0.073000,3.964000
0.432048,0.073000,3.754000
0.437136,0.073000,3.563000
0.442216,0.068000,3.392000
0.447296,0.059000,3.221000
0.452384,0.059000,3.055000
0.457456,0.059000,2.903000
0.462544,0.054000,2.766000
0.467624,0.044000,2.625000
0.472704,0.044000,2.493000
0.477792,0.039000,2.361000
0.482872,0.034000,2.258000
0.487952,0.034000,2.146000
0.493040,0.034000,2.028000
0.498112,0.034000,1.935000
0.503200,0.034000,1.838000
0.508280,0.034000,1.750000
0.513360,0.029000,1.657000
0.518432,0.024000,1.579000
0.523520,0.024000,1.505000
0.528600,0.024000,1.427000
0.533680,0.020000,1.354000
0.538768,0.024000,1.285000
0.543840,0.015000,1.232000
0.548928,0.015000,1.168000
0.554008,0.015000,1.109000
0.559088,0.015000,1.056000
0.564168,0.010000,1.007000
0.569248,0.015000,0.953000
0.574336,0.015000,0.904000
0.579408,0.010000,0.860000
0.584496,0.010000,0.816000
0.589576,0.010000,0.777000
0.594656,0.010000,0.743000
0.599736,0.005000,0.709000
0.604816,0.005000,0.674000
0.609904,0.005000,0.640000
0.614976,0.005000,0.611000
0.620064,0.005000,0.582000
0.625144,0.005000,0.547000
0.630224,0.005000,0.528000
0.635304,0.005000,0.499000
0.640384,0.005000,0.474000
0.645456,0.000000,0.450000
0.650536,0.000000,0.430000
0.655616,0.000000,0.406000
0.660704,0.000000,0.386000
0.665776,0.000000,0.371000
0.670864,0.000000,0.347000
0.675936,0.000000,0.332000
0.681024,0.000000,0.318000
0.686104,0.000000,0.308000
0.691184,0.000000,0.293000
0.696264,0.000000,0.274000
0.701344,0.000000,0.259000
0.706432,0.000000,0.249000
0.711504,0.000000,0.235000
0.716592,0.000000,0.225000
0.721672,0.000000,0.215000
0.726752,0.000000,0.205000
0.731832,0.000000,0.191000
0.736912,0.000000,0.191000
0.742000,0.000000,0.171000
0.747072,0.000000,0.171000
0.752160,0.000000,0.161000
0.757240,0.000000,0.152000
0.762320,0.000000,0.147000
0.767400,0.000000,0.137000
0.772480,0.000000,0.132000
0.777552,0.000000,0.122000
0.782632,0.000000,0.117000
0.787712,0.000000,0.117000
0.792800,0.000000,0.108000
0.797872,0.000000,0.103000
0.802960,0.000000,0.098000
0.808032,0.000000,0.093000
0.000048,4.878000,0.010000
0.005136,4.883000,0.264000
0.010224,4.892000,0.503000
0.015304,4.883000,0.723000
0.020384,4.897000,0.943000
0.025472,4.902000,1.134000
0.030560,4.907000,1.325000
0.035640,4.917000,1.515000
0.040720,4.917000,1.681000
0.045800,4.922000,1.843000
0.050880,4.927000,1.994000
0.055952,4.927000,2.151000
0.061040,4.932000,2.287000
0.066120,4.936000,2.419000
0.071200,4.941000,2.537000
0.076288,4.941000,2.674000
0.081376,4.941000,2.776000
0.086456,4.946000,2.884000
0.091536,4.951000,2.986000
0.096624,4.956000,3.089000
0.101712,4.956000,3.187000
0.106792,4.961000,3.265000
0.111872,4.961000,3.353000
0.116960,4.961000,3.441000
0.122048,4.966000,3.509000
0.127136,4.966000,3.578000
0.132216,4.966000,3.651000
0.137296,4.966000,3.719000
0.142384,4.966000,3.773000
0.147464,4.971000,3.827000
0.152544,4.971000,3.891000
0.157632,4.971000,3.944000
0.162712,4.971000,3.988000
0.167792,4.976000,4.032000
0.172880,4.971000,4.086000
0.177960,4.980000,4.135000
0.183040,4.980000,4.169000
0.188120,4.980000,4.203000
0.193200,4.980000,4.252000
0.198288,4.980000,4.291000
0.203376,4.980000,4.316000
0.208448,4.985000,4.340000
0.213536,4.980000,4.379000
0.218624,4.980000,4.413000
0.223704,4.985000,4.433000
0.228784,4.985000,4.453000
0.233872,4.985000,4.492000
0.238952,4.985000,4.516000
0.244032,4.990000,4.526000
0.249120,4.985000,4.541000
0.254200,4.985000,4.575000
0.259280,4.985000,4.599000
0.264368,4.985000,4.609000
0.269448,4.985000,4.624000
0.274528,4.985000,4.653000
0.279616,4.985000,4.668000
0.284696,4.990000,4.673000
0.289776,4.990000,4.687000
0.294864,4.990000,4.707000
0.299936,4.990000,4.721000
0.305024,4.995000,4.726000
0.310104,4.990000,4.736000
0.315184,4.990000,4.765000
0.320272,4.990000,4.765000
0.325352,4.995000,4.765000
0.330432,4.990000,4.775000
0.335504,4.990000,4.804000
0.340592,4.985000,4.804000
0.345672,4.995000,4.809000
0.350752,4.995000,4.814000
0.355840,4.995000,4.834000
0.360920,4.990000,4.834000
0.366000,4.995000,4.834000
0.371088,4.995000,4.844000
0.376160,4.985000,4.863000
0.381248,4.995000,4.863000
0.386328,4.995000,4.858000
0.391408,4.990000,4.868000
0.396496,4.995000,4.883000
0.401576,4.995000,4.883000
0.406656,0.142000,4.863000
0.411744,0.093000,4.619000
0.416824,0.122000,4.394000
0.421904,0.088000,4.164000
0.426992,0.073000,3.944000
0.432064,0.073000,3.754000
0.437152,0.073000,3.573000
0.442232,0.064000,3.387000
0.447312,0.059000,3.216000
0.452400,0.059000,3.060000
0.457480,0.059000,2.908000
0.462560,0.054000,2.766000
0.467640,0.049000,2.620000
0.472720,0.044000,2.493000
0.477808,0.039000,2.375000
0.482880,0.034000,2.253000
0.487968,0.034000,2.141000
0.493048,0.034000,2.033000
0.498128,0.034000,1.935000
0.503216,0.034000,1.838000
0.508296,0.029000,1.745000
0.513376,0.029000,1.662000
0.518464,0.029000,1.584000
0.523536,0.024000,1.500000
0.528624,0.024000,1.422000
0.533704,0.020000,1.359000
0.538784,0.015000,1.285000
0.543872,0.015000,1.227000
0.548944,0.020000,1.168000
0.554032,0.015000,1.109000
0.559112,0.015000,1.056000
0.564192,0.010000,1.002000
0.569272,0.015000,0.953000
0.574352,0.015000,0.904000
0.579440,0.010000,0.865000
0.584512,0.010000,0.816000
0.589600,0.010000,0.777000
0.594680,0.010000,0.743000
0.599752,0.005000,0.709000
0.604832,0.005000,0.670000
0.609920,0.005000,0.640000
0.614992,0.005000,0.606000
0.620080,0.005000,0.582000
0.625160,0.005000,0.547000
0.630240,0.005000,0.523000
0.635320,0.005000,0.499000
0.640400,0.000000,0.474000
0.645488,0.000000,0.450000
0.650560,0.000000,0.430000
0.655648,0.000000,0.406000
0.660728,0.000000,0.386000
0.665808,0.000000,0.371000
0.670888,0.000000,0.347000
0.675968,0.000000,0.337000
0.681056,0.000000,0.318000
0.686128,0.000000,0.303000
0.691216,0.000000,0.293000
0.696296,0.000000,0.279000
0.701376,0.000000,0.259000
0.706456,0.000000,0.249000
0.711536,0.000000,0.235000
0.716624,0.000000,0.225000
0.721696,0.000000,0.215000
0.726776,0.000000,0.205000
0.731856,0.000000,0.191000
0.736928,0.000000,0.186000
0.742016,0.000000,0.176000
0.747096,0.000000,0.166000
0.752176,0.000000,0.156000
0.757256,0.000000,0.152000
0.762336,0.000000,0.147000
0.767424,0.000000,0.137000
0.772496,0.000000,0.132000
0.777584,0.000000,0.122000
0.782664,0.000000,0.117000
0.787744,0.000000,0.117000
0.792824,0.000000,0.108000
0.797904,0.000000,0.103000
0.802992,0.000000,0.098000
0.808064,0.000000,0.093000
0.000056,4.878000,0.005000
0.005136,4.883000,0.259000
0.010224,4.888000,0.499000
0.015312,4.892000,0.718000
0.020392,4.902000,0.938000
0.025472,4.902000,1.139000
0.030560,4.912000,1.325000
0.035640,4.917000,1.505000
0.040720,4.917000,1.681000
0.045808,4.922000,1.848000
0.050888,4.927000,1.999000
0.055968,4.932000,2.151000
0.061056,4.932000,2.287000
0.066136,4.932000,2.429000
0.071216,4.941000,2.546000
0.076304,4.941000,2.659000
0.081392,4.941000,2.776000
0.086472,4.946000,2.889000
0.091552,4.941000,2.986000
0.096640,4.956000,3.089000
0.101728,4.956000,3.182000
0.106808,4.956000,3.275000
0.111888,4.961000,3.353000
0.116976,4.961000,3.426000
0.122064,4.961000,3.509000
0.127144,4.961000,3.587000
0.132224,4.961000,3.656000
0.137312,4.966000,3.710000
0.142392,4.966000,3.783000
0.147472,4.966000,3.837000
0.152552,4.971000,3.891000
0.157632,4.971000,3.939000
0.162720,4.971000,3.993000
0.167800,4.971000,4.047000
0.172880,4.976000,4.081000
0.177968,4.980000,4.125000
0.183048,4.976000,4.174000
0.188128,4.971000,4.213000
0.193216,4.980000,4.242000
0.198296,4.980000,4.277000
0.203376,4.980000,4.316000
0.208464,4.980000,4.350000
0.213552,4.985000,4.379000
0.218624,4.985000,4.404000
0.223712,4.985000,4.438000
0.228800,4.985000,4.462000
0.233880,4.985000,4.477000
0.238960,4.985000,4.501000
0.244048,4.985000,4.531000
0.249128,4.985000,4.550000
0.254208,4.985000,4.570000
0.259296,4.985000,4.589000
0.264376,4.985000,4.614000
0.269456,4.985000,4.629000
0.274544,4.990000,4.638000
0.279624,4.985000,4.658000
0.284704,4.990000,4.682000
0.289776,4.990000,4.692000
0.294864,4.990000,4.697000
0.299944,4.990000,4.717000
0.305024,4.990000,4.736000
0.310112,4.985000,4.746000
0.315192,4.990000,4.746000
0.320272,4.990000,4.761000
0.325360,4.990000,4.785000
0.330432,4.990000,4.785000
0.335520,4.995000,4.785000
0.340600,4.995000,4.804000
0.345680,4.990000,4.824000
0.350768,4.995000,4.819000
0.355848,4.995000,4.819000
0.360928,4.985000,4.829000
0.366016,4.990000,4.848000
0.371096,4.995000,4.848000
0.376176,4.995000,4.848000
0.381264,4.995000,4.863000
0.386336,4.990000,4.873000
0.391424,4.995000,4.868000
0.396504,4.995000,4.873000
0.401584,4.995000,4.883000
0.406672,0.093000,4.883000
0.411760,0.093000,4.619000
0.416832,0.098000,4.379000
0.421912,0.083000,4.164000
0.426992,0.073000,3.964000
0.432080,0.073000,3.754000
0.437160,0.078000,3.568000
0.442240,0.064000,3.397000
0.447328,0.059000,3.221000
0.452400,0.059000,3.055000
0.457488,0.054000,2.903000
0.462568,0.054000,2.766000
0.467648,0.049000,2.625000
0.472736,0.044000,2.493000
0.477816,0.039000,2.366000
0.482896,0.034000,2.258000
0.487984,0.034000,2.151000
0.493056,0.034000,2.028000
0.498144,0.034000,1.935000
0.503224,0.034000,1.838000
0.508304,0.029000,1.750000
0.513392,0.029000,1.657000
0.518472,0.029000,1.579000
0.523552,0.029000,1.500000
0.528640,0.024000,1.427000
0.533712,0.020000,1.359000
0.538800,0.020000,1.285000
0.543880,0.015000,1.232000
0.548960,0.020000,1.168000
0.554040,0.015000,1.109000
0.559112,0.015000,1.056000
0.564192,0.015000,1.007000
0.569280,0.010000,0.953000
0.574352,0.015000,0.904000
0.579440,0.010000,0.860000
0.584520,0.010000,0.816000
0.589600,0.010000,0.777000
0.594680,0.010000,0.743000
0.599760,0.010000,0.709000
0.604848,0.010000,0.670000
0.609920,0.005000,0.640000
0.615008,0.005000,0.606000
0.620088,0.005000,0.582000
0.625168,0.005000,0.552000
0.630248,0.005000,0.523000
0.635328,0.005000,0.499000
0.640416,0.000000,0.474000
0.645488,0.000000,0.450000
0.650576,0.005000,0.430000
0.655656,0.000000,0.406000
0.660736,0.000000,0.386000
0.665816,0.000000,0.371000
0.670896,0.000000,0.347000
0.675984,0.000000,0.332000
0.681056,0.000000,0.318000
0.686136,0.000000,0.303000
0.691216,0.000000,0.293000
0.696288,0.000000,0.279000
0.701376,0.000000,0.264000
0.706456,0.000000,0.249000
0.711536,0.000000,0.235000
0.716616,0.000000,0.225000
0.721696,0.000000,0.215000
0.726784,0.000000,0.205000
0.731856,0.000000,0.191000
0.736944,0.000000,0.186000
0.742024,0.000000,0.176000
0.747104,0.000000,0.171000
0.752184,0.000000,0.156000
0.757264,0.000000,0.152000
0.762352,0.000000,0.147000
0.767424,0.000000,0.137000
0.772512,0.000000,0.132000
0.777592,0.000000,0.122000
0.782672,0.000000,0.117000
0.787752,0.000000,0.117000
0.792832,0.000000,0.108000
0.797920,0.000000,0.098000
0.802992,0.000000,0.098000
0.808080,0.000000,0.093000
0.000040,4.878000,0.005000
0.005128,4.883000,0.274000
0.010216,4.888000,0.503000
0.015296,4.892000,0.733000
0.020384,4.883000,0.934000
0.025464,4.907000,1.129000
0.030544,4.907000,1.329000
0.035632,4.912000,1.515000
0.040712,4.917000,1.681000
0.045792,4.922000,1.843000
0.050880,4.927000,2.004000
0.055960,4.927000,2.151000
0.061040,4.927000,2.283000
0.066128,4.941000,2.414000
0.071208,4.941000,2.546000
0.076288,4.941000,2.674000
0.081376,4.941000,2.776000
0.086464,4.946000,2.889000
0.091544,4.946000,2.996000
0.096624,4.951000,3.089000
0.101712,4.956000,3.177000
0.106792,4.956000,3.265000
0.111872,4.956000,3.358000
0.116960,4.961000,3.436000
0.122048,4.966000,3.504000
0.127128,4.966000,3.578000
0.132208,4.966000,3.651000
0.137296,4.966000,3.715000
0.142376,4.966000,3.768000
0.147456,4.971000,3.827000
0.152544,4.971000,3.891000
0.157632,4.971000,3.944000
0.162704,4.971000,3.988000
0.167792,4.971000,4.032000
0.172880,4.976000,4.096000
0.177960,4.976000,4.130000
0.183040,4.980000,4.164000
0.188128,4.980000,4.208000
0.193208,4.980000,4.257000
0.198288,4.980000,4.282000
0.203376,4.980000,4.311000
0.208456,4.985000,4.345000
0.213536,4.980000,4.384000
0.218624,4.985000,4.409000
0.223704,4.985000,4.428000
0.228784,4.985000,4.453000
0.233864,4.985000,4.497000
0.238944,4.985000,4.506000
0.244024,4.985000,4.526000
0.249104,4.985000,4.550000
0.254192,4.985000,4.580000
0.259280,4.985000,4.594000
0.264352,4.985000,4.604000
0.269440,4.985000,4.629000
0.274520,4.990000,4.653000
0.279600,4.985000,4.658000
0.284688,4.990000,4.673000
0.289768,4.990000,4.692000
0.294848,4.990000,4.712000
0.299936,4.990000,4.717000
0.305008,4.990000,4.726000
0.310096,4.990000,4.741000
0.315176,4.985000,4.765000
0.320256,4.990000,4.761000
0.325344,4.995000,4.765000
0.330424,4.995000,4.785000
0.335504,4.990000,4.800000
0.340592,4.990000,4.800000
0.345664,4.995000,4.809000
0.350752,4.995000,4.824000
0.355832,4.990000,4.829000
0.360912,4.995000,4.829000
0.366000,4.995000,4.834000
0.371080,4.995000,4.848000
0.376160,4.990000,4.858000
0.381232,4.995000,4.858000
0.386320,4.995000,4.848000
0.391400,4.995000,4.878000
0.396480,4.995000,4.883000
0.401568,4.995000,4.878000
0.406656,0.108000,4.868000
0.411728,0.098000,4.624000
0.416816,0.083000,4.389000
0.421896,0.083000,4.159000
0.426976,0.073000,3.949000
0.432064,0.073000,3.759000
0.437144,0.073000,3.573000
0.442224,0.064000,3.392000
0.447312,0.064000,3.216000
0.452384,0.064000,3.065000
0.457472,0.054000,2.908000
0.462552,0.054000,2.757000
0.467632,0.049000,2.620000
0.472720,0.044000,2.498000
0.477800,0.044000,2.375000
0.482880,0.034000,2.248000
0.487968,0.034000,2.141000
0.493040,0.034000,2.038000
0.498128,0.034000,1.935000
0.503208,0.034000,1.838000
0.508288,0.029000,1.750000
0.513360,0.029000,1.662000
0.518448,0.029000,1.579000
0.523520,0.024000,1.500000
0.528608,0.020000,1.422000
0.533688,0.020000,1.364000
0.538768,0.020000,1.285000
0.543848,0.015000,1.227000
0.548928,0.015000,1.168000
0.554016,0.015000,1.109000
0.559088,0.015000,1.056000
0.564176,0.015000,1.002000
0.569256,0.010000,0.953000
0.574336,0.015000,0.909000
0.579416,0.010000,0.865000
0.584496,0.010000,0.816000
0.589584,0.010000,0.777000
0.594656,0.010000,0.743000
0.599744,0.005000,0.709000
0.604816,0.010000,0.670000
0.609904,0.005000,0.640000
0.614984,0.005000,0.611000
0.620064,0.005000,0.582000
0.625144,0.005000,0.547000
0.630224,0.005000,0.528000
0.635312,0.005000,0.499000
0.640384,0.005000,0.474000
0.645464,0.005000,0.450000
0.650544,0.000000,0.430000
0.655624,0.000000,0.406000
0.660704,0.000000,0.386000
0.665792,0.000000,0.367000
0.670864,0.000000,0.347000
0.675952,0.000000,0.332000
0.681032,0.000000,0.318000
0.686112,0.000000,0.303000
0.691192,0.000000,0.293000
0.696272,0.000000,0.274000
0.701360,0.000000,0.264000
0.706432,0.000000,0.249000
0.711520,0.000000,0.235000
0.716600,0.000000,0.225000
0.721680,0.000000,0.215000
0.726760,0.000000,0.205000
0.731840,0.000000,0.191000
0.736928,0.000000,0.186000
0.742000,0.000000,0.176000
0.747088,0.000000,0.166000
0.752168,0.000000,0.152000
0.757248,0.000000,0.152000
0.762328,0.000000,0.147000
0.767408,0.000000,0.137000
0.772488,0.000000,0.132000
0.777560,0.000000,0.127000
0.782640,0.000000,0.117000
0.787728,0.000000,0.117000
0.792808,0.000000,0.108000
0.797888,0.000000,0.103000
0.802968,0.000000,0.098000
0.808048,0.000000,0.093000
0.000048,4.853000,0.000000
0.005136,4.883000,0.264000
0.010224,4.888000,0.499000
0.015304,4.888000,0.728000
0.020384,4.902000,0.938000
0.025472,4.902000,1.129000
0.030552,4.912000,1.325000
0.035632,4.917000,1.505000
0.040720,4.912000,1.681000
0.045800,4.922000,1.848000
0.050880,4.927000,1.999000
0.055952,4.932000,2.151000
0.061040,4.932000,2.287000
0.066120,4.932000,2.424000
0.071200,4.941000,2.537000
0.076288,4.941000,2.659000
0.081376,4.941000,2.781000
0.086456,4.946000,2.889000
0.091536,4.946000,2.986000
0.096624,4.951000,3.089000
0.101712,4.956000,3.187000
0.106792,4.956000,3.275000
0.111872,4.961000,3.353000
0.116960,4.961000,3.431000
0.122048,4.961000,3.514000
0.127128,4.966000,3.583000
0.132208,4.966000,3.641000
0.137296,4.966000,3.715000
0.142384,4.966000,3.778000
0.147464,4.966000,3.837000
0.152544,4.971000,3.886000
0.157632,4.971000,3.939000
0.162712,4.971000,3.998000
0.167792,4.971000,4.047000
0.172880,4.976000,4.081000
0.177960,4.976000,4.130000
0.183040,4.976000,4.174000
0.188120,4.971000,4.208000
0.193200,4.980000,4.242000
0.198280,4.980000,4.282000
0.203360,4.980000,4.321000
0.208448,4.980000,4.345000
0.213536,4.985000,4.374000
0.218608,4.985000,4.409000
0.223696,4.985000,4.438000
0.228784,4.985000,4.453000
0.233864,4.985000,4.477000
0.238944,4.985000,4.506000
0.244032,4.985000,4.531000
0.249112,4.985000,4.550000
0.254192,4.985000,4.570000
0.259280,4.985000,4.594000
0.264360,4.985000,4.614000
0.269440,4.985000,4.629000
0.274528,4.990000,4.643000
0.279608,4.985000,4.663000
0.284688,4.985000,4.682000
0.289776,4.990000,4.692000
0.294848,4.990000,4.697000
0.299936,4.990000,4.721000
0.305016,4.985000,4.731000
0.310096,4.985000,4.746000
0.315184,4.990000,4.756000
0.320264,4.995000,4.765000
0.325344,4.990000,4.775000
0.330416,4.990000,4.795000
0.335496,4.990000,4.785000
0.340576,4.990000,4.809000
0.345664,4.990000,4.814000
0.350744,4.985000,4.814000
0.355824,4.995000,4.819000
0.360912,4.995000,4.839000
0.365984,4.990000,4.848000
0.371072,4.995000,4.858000
0.376152,4.995000,4.848000
0.381232,4.995000,4.863000
0.386320,4.995000,4.868000
0.391400,4.995000,4.863000
0.396480,4.995000,4.873000
0.401568,4.990000,4.883000
0.406656,0.103000,4.878000
0.411728,0.117000,4.614000
0.416816,0.088000,4.379000
0.421896,0.078000,4.169000
0.426976,0.073000,3.959000
0.432064,0.073000,3.754000
0.437144,0.068000,3.563000
0.442224,0.064000,3.397000
0.447312,0.059000,3.221000
0.452384,0.059000,3.055000
0.457472,0.059000,2.908000
0.462552,0.054000,2.766000
0.467632,0.049000,2.625000
0.472704,0.044000,2.493000
0.477792,0.044000,2.370000
0.482872,0.034000,2.258000
0.487952,0.034000,2.141000
0.493040,0.034000,2.028000
0.498120,0.034000,1.935000
0.503200,0.034000,1.838000
0.508288,0.034000,1.750000
0.513360,0.029000,1.657000
0.518448,0.029000,1.579000
0.523528,0.024000,1.500000
0.528608,0.024000,1.427000
0.533696,0.020000,1.354000
0.538768,0.020000,1.285000
0.543856,0.020000,1.232000
0.548936,0.015000,1.168000
0.554016,0.020000,1.109000
0.559096,0.015000,1.056000
0.564176,0.015000,1.002000
0.569264,0.015000,0.953000
0.574336,0.015000,0.909000
0.579424,0.010000,0.860000
0.584504,0.010000,0.816000
0.589584,0.010000,0.777000
0.594664,0.010000,0.743000
0.599736,0.005000,0.709000
0.604816,0.005000,0.670000
0.609904,0.005000,0.635000
0.614976,0.005000,0.606000
0.620064,0.005000,0.582000
0.625144,0.005000,0.552000
0.630224,0.005000,0.528000
0.635304,0.005000,0.499000
0.640384,0.000000,0.474000
0.645472,0.000000,0.450000
0.650544,0.000000,0.430000
0.655632,0.000000,0.406000
0.660712,0.000000,0.386000
0.665792,0.000000,0.371000
0.670872,0.000000,0.347000
0.675952,0.000000,0.332000
0.681040,0.000000,0.318000
0.686112,0.000000,0.303000
0.691200,0.000000,0.288000
0.696280,0.000000,0.274000
0.701360,0.000000,0.264000
0.706448,0.000000,0.249000
0.711520,0.000000,0.239000
0.716608,0.000000,0.225000
0.721680,0.000000,0.215000
0.726760,0.000000,0.205000
0.731840,0.000000,0.196000
0.736912,0.000000,0.186000
0.742000,0.000000,0.176000
0.747080,0.000000,0.166000
0.752160,0.000000,0.156000
0.757240,0.000000,0.152000
0.762320,0.000000,0.147000
0.767408,0.000000,0.137000
0.772480,0.000000,0.137000
0.777568,0.000000,0.122000
0.782648,0.000000,0.117000
0.787728,0.000000,0.117000
0.792808,0.000000,0.108000
0.797888,0.000000,0.103000
0.802976,0.000000,0.098000
0.808048,0.000000,0.093000
0.000056,4.878000,0.005000
0.005136,4.883000,0.254000
0.010224,4.888000,0.499000
0.015312,4.892000,0.723000
0.020392,4.902000,0.938000
0.025472,4.907000,1.134000
0.030560,4.907000,1.334000
0.035640,4.907000,1.515000
0.040720,4.912000,1.681000
0.045808,4.912000,1.843000
0.050888,4.927000,2.004000
0.055968,4.927000,2.151000
0.061056,4.932000,2.287000
0.066136,4.936000,2.419000
0.071216,4.936000,2.546000
0.076304,4.941000,2.664000
0.081392,4.941000,2.776000
0.086472,4.946000,2.889000
0.091552,4.946000,2.996000
0.096640,4.951000,3.089000
0.101728,4.956000,3.182000
0.106808,4.956000,3.270000
0.111888,4.956000,3.358000
0.116976,4.961000,3.436000
0.122064,4.961000,3.504000
0.127144,4.966000,3.578000
0.132224,4.966000,3.656000
0.137312,4.966000,3.715000
0.142392,4.966000,3.773000
0.147472,4.966000,3.832000
0.152552,4.966000,3.900000
0.157632,4.971000,3.939000
0.162720,4.971000,3.983000
0.167800,4.971000,4.037000
0.172880,4.971000,4.086000
0.177968,4.976000,4.130000
0.183048,4.980000,4.164000
0.188128,4.976000,4.213000
0.193216,4.971000,4.252000
0.198296,4.980000,4.282000
0.203376,4.980000,4.311000
0.208464,4.985000,4.350000
0.213552,4.980000,4.384000
0.218624,4.985000,4.409000
0.223712,4.985000,4.428000
0.228800,4.985000,4.462000
0.233880,4.985000,4.492000
0.238960,4.985000,4.501000
0.244048,4.985000,4.526000
0.249128,4.985000,4.555000
0.254208,4.985000,4.575000
0.259296,4.985000,4.589000
0.264376,4.985000,4.604000
0.269456,4.985000,4.629000
0.274544,4.985000,4.653000
0.279624,4.990000,4.658000
0.284704,4.990000,4.673000
0.289776,4.990000,4.692000
0.294864,4.990000,4.707000
0.299944,4.990000,4.712000
0.305024,4.990000,4.726000
0.310112,4.985000,4.746000
0.315192,4.990000,4.756000
0.320272,4.995000,4.761000
0.325360,4.990000,4.770000
0.330432,4.990000,4.790000
0.335520,4.990000,4.800000
0.340600,4.995000,4.800000
0.345680,4.995000,4.809000
0.350768,4.990000,4.824000
0.355848,4.990000,4.829000
0.360928,4.985000,4.829000
0.366016,4.995000,4.839000
0.371088,4.995000,4.853000
0.376176,4.995000,4.853000
0.381256,4.995000,4.853000
0.386336,4.995000,4.863000
0.391424,4.995000,4.883000
0.396504,4.995000,4.878000
0.401584,4.995000,4.878000
0.406672,0.093000,4.878000
0.411752,0.093000,4.629000
0.416832,0.083000,4.384000
0.421904,0.088000,4.159000
0.426992,0.073000,3.954000
0.432064,0.083000,3.759000
0.437152,0.068000,3.568000
0.442232,0.064000,3.392000
0.447312,0.059000,3.221000
0.452400,0.059000,3.065000
0.457480,0.059000,2.908000
0.462560,0.054000,2.757000
0.467648,0.044000,2.625000
0.472720,0.044000,2.498000
0.477808,0.044000,2.375000
0.482888,0.034000,2.248000
0.487968,0.034000,2.146000
0.493056,0.034000,2.033000
0.498136,0.034000,1.935000
0.503216,0.034000,1.838000
0.508304,0.029000,1.750000
0.513376,0.034000,1.662000
0.518464,0.029000,1.579000
0.523544,0.024000,1.500000
0.528624,0.020000,1.427000
0.533712,0.020000,1.359000
0.538784,0.020000,1.285000
0.543872,0.015000,1.227000
0.548952,0.015000,1.168000
0.554032,0.015000,1.109000
0.559104,0.015000,1.056000
0.564192,0.015000,1.002000
0.569272,0.015000,0.953000
0.574352,0.015000,0.914000
0.579432,0.010000,0.860000
0.584512,0.015000,0.816000
0.589600,0.010000,0.777000
0.594672,0.010000,0.743000
0.599760,0.010000,0.704000
0.604840,0.005000,0.670000
0.609920,0.000000,0.640000
0.615000,0.005000,0.611000
0.620080,0.005000,0.582000
0.625168,0.005000,0.547000
0.630240,0.005000,0.528000
0.635328,0.005000,0.499000
0.640408,0.005000,0.474000
0.645488,0.000000,0.455000
0.650568,0.000000,0.430000
0.655648,0.000000,0.406000
0.660736,0.000000,0.386000
0.665808,0.000000,0.371000
0.670896,0.000000,0.347000
0.675976,0.000000,0.337000
0.681056,0.000000,0.318000
0.686136,0.000000,0.303000
0.691208,0.000000,0.293000
0.696288,0.000000,0.279000
0.701376,0.000000,0.264000
0.706448,0.000000,0.249000
0.711536,0.000000,0.235000
0.716616,0.000000,0.225000
0.721696,0.000000,0.215000
0.726776,0.000000,0.205000
0.731856,0.000000,0.191000
0.736944,0.000000,0.186000
0.742016,0.000000,0.176000
0.747104,0.000000,0.171000
0.752184,0.000000,0.152000
0.757264,0.000000,0.152000
0.762344,0.000000,0.147000
0.767424,0.000000,0.137000
0.772512,0.000000,0.132000
0.777584,0.000000,0.122000
0.782672,0.000000,0.117000
0.787752,0.000000,0.117000
0.792832,0.000000,0.108000
0.797912,0.000000,0.098000
0.802992,0.000000,0.098000
0.808080,0.000000,0.093000
0.000048,4.883000,0.005000
0.005136,4.863000,0.259000
0.010224,4.892000,0.499000
0.015312,4.883000,0.723000
0.020384,4.902000,0.938000
0.025472,4.907000,1.144000
0.030560,4.907000,1.325000
0.035648,4.917000,1.515000
0.040720,4.917000,1.686000
0.045808,4.922000,1.843000
0.050896,4.927000,1.994000
0.055984,4.927000,2.151000
0.061056,4.932000,2.292000
0.066144,4.936000,2.424000
0.071232,4.941000,2.537000
0.076320,4.941000,2.664000
0.081392,4.941000,2.781000
0.086480,4.946000,2.889000
0.091568,4.946000,2.986000
0.096656,4.951000,3.089000
0.101728,4.956000,3.187000
0.106816,4.956000,3.270000
0.111888,4.961000,3.353000
0.116976,4.966000,3.436000
0.122064,4.966000,3.514000
0.127152,4.966000,3.578000
0.132240,4.966000,3.641000
0.137328,4.966000,3.715000
0.142400,4.966000,3.783000
0.147488,4.966000,3.832000
0.152576,4.971000,3.891000
0.157664,4.971000,3.944000
0.162736,4.971000,3.998000
0.167824,4.971000,4.037000
0.172912,4.976000,4.081000
0.178000,4.976000,4.135000
0.183088,4.976000,4.179000
0.188160,4.980000,4.203000
0.193248,4.980000,4.247000
0.198336,4.980000,4.291000
0.203408,4.980000,4.316000
0.208496,4.985000,4.360000
0.213584,4.985000,4.379000
0.218672,4.980000,4.413000
0.223760,4.985000,4.438000
0.228832,4.985000,4.448000
0.233920,4.985000,4.477000
0.239008,4.985000,4.511000
0.244080,4.985000,4.531000
0.249168,4.985000,4.545000
0.254256,4.985000,4.570000
0.259328,4.985000,4.599000
0.264416,4.985000,4.614000
0.269504,4.985000,4.619000
0.274576,4.985000,4.643000
0.279664,4.985000,4.668000
0.284752,4.990000,4.682000
0.289840,4.990000,4.682000
0.294912,4.990000,4.697000
0.300000,4.985000,4.736000
0.305072,4.990000,4.731000
0.310160,4.990000,4.746000
0.315248,4.990000,4.756000
0.320336,4.990000,4.770000
0.325408,4.990000,4.775000
0.330496,4.995000,4.780000
0.335584,4.990000,4.790000
0.340656,4.990000,4.809000
0.345744,4.990000,4.814000
0.350832,4.995000,4.809000
0.355920,4.995000,4.824000
0.360992,4.990000,4.844000
0.366080,4.995000,4.839000
0.371152,4.995000,4.839000
0.376240,4.995000,4.853000
0.381328,4.995000,4.868000
0.386400,4.995000,4.863000
0.391472,4.995000,4.868000
0.396560,4.995000,4.883000
0.401648,4.995000,4.883000
0.406736,0.093000,4.873000
0.411824,0.093000,4.614000
0.416896,0.083000,4.384000
0.421984,0.083000,4.164000
0.427072,0.073000,3.949000
0.432144,0.073000,3.754000
0.437232,0.073000,3.563000
0.442320,0.064000,3.392000
0.447408,0.059000,3.221000
0.452480,0.059000,3.055000
0.457568,0.059000,2.908000
0.462656,0.054000,2.766000
0.467728,0.049000,2.620000
0.472816,0.044000,2.493000
0.477904,0.039000,2.370000
0.482992,0.034000,2.253000
0.488064,0.034000,2.141000
0.493152,0.034000,2.028000
0.498224,0.034000,1.935000
0.503312,0.034000,1.838000
0.508400,0.034000,1.745000
0.513488,0.029000,1.657000
0.518560,0.029000,1.579000
0.523648,0.024000,1.500000
0.528720,0.024000,1.422000
0.533808,0.020000,1.359000
0.538880,0.020000,1.285000
0.543968,0.015000,1.227000
0.549040,0.015000,1.163000
0.554128,0.015000,1.109000
0.559216,0.015000,1.056000
0.564304,0.015000,1.002000
0.569376,0.015000,0.953000
0.574464,0.015000,0.909000
0.579536,0.010000,0.865000
0.584624,0.010000,0.816000
0.589712,0.010000,0.777000
0.594784,0.010000,0.743000
0.599872,0.005000,0.709000
0.604944,0.005000,0.670000
0.610032,0.005000,0.640000
0.615120,0.005000,0.606000
0.620208,0.000000,0.582000
0.625280,0.005000,0.552000
0.630368,0.005000,0.528000
0.635440,0.005000,0.499000
0.640528,0.005000,0.474000
0.645616,0.000000,0.450000
0.650688,0.000000,0.430000
0.655776,0.000000,0.406000
0.660848,0.005000,0.386000
0.665936,0.000000,0.371000
0.671008,0.000000,0.347000
0.676096,0.000000,0.337000
0.681168,0.000000,0.318000
0.686256,0.000000,0.303000
0.691344,0.000000,0.288000
0.696432,0.000000,0.274000
0.701504,0.000000,0.264000
0.706592,0.000000,0.249000
0.711664,0.000000,0.235000
0.716752,0.000000,0.225000
0.721840,0.000000,0.215000
0.726928,0.000000,0.205000
0.732000,0.000000,0.191000
0.737088,0.000000,0.186000
0.742160,0.000000,0.176000
0.747248,0.000000,0.161000
0.752336,0.000000,0.156000
0.757408,0.000000,0.152000
0.762496,0.000000,0.147000
0.767568,0.000000,0.137000
0.772656,0.000000,0.132000
0.777744,0.000000,0.122000
0.782832,0.000000,0.117000
0.787904,0.000000,0.117000
0.792992,0.000000,0.108000
0.798064,0.000000,0.098000
0.803152,0.000000,0.098000
0.808224,0.000000,0.093000
0.000048,4.863000,0.000000
0.005136,4.883000,0.259000
0.010224,4.888000,0.503000
0.015312,4.897000,0.733000
0.020384,4.902000,0.938000
0.025472,4.892000,1.139000
0.030560,4.907000,1.334000
0.035648,4.912000,1.515000
0.040736,4.922000,1.681000
0.045808,4.922000,1.848000
0.050896,4.927000,2.004000
0.055984,4.927000,2.151000
0.061056,4.932000,2.287000
0.066144,4.932000,2.424000
0.071232,4.936000,2.546000
0.076304,4.941000,2.664000
0.081392,4.946000,2.776000
0.086480,4.946000,2.889000
0.091552,4.946000,2.996000
0.096640,4.956000,3.089000
0.101728,4.956000,3.182000
0.106816,4.956000,3.275000
0.111904,4.961000,3.363000
0.116992,4.961000,3.431000
0.122080,4.966000,3.504000
0.127152,4.966000,3.583000
0.132240,4.966000,3.656000
0.137328,4.966000,3.715000
0.142400,4.966000,3.768000
0.147488,4.966000,3.837000
0.152576,4.966000,3.891000
0.157664,4.971000,3.939000
0.162752,4.971000,3.988000
0.167824,4.971000,4.047000
0.172912,4.971000,4.091000
0.178000,4.976000,4.125000
0.183072,4.980000,4.164000
0.188160,4.980000,4.213000
0.193248,4.980000,4.252000
0.198336,4.976000,4.277000
0.203424,4.976000,4.311000
0.208496,4.980000,4.355000
0.213584,4.980000,4.379000
0.218656,4.985000,4.399000
0.223744,4.985000,4.433000
0.228832,4.985000,4.467000
0.233904,4.985000,4.487000
0.238992,4.985000,4.497000
0.244080,4.985000,4.531000
0.249152,4.985000,4.565000
0.254240,4.985000,4.580000
0.259328,4.985000,4.585000
0.264416,4.985000,4.609000
0.269504,4.985000,4.633000
0.274576,4.985000,4.643000
0.279664,4.985000,4.653000
0.284736,4.985000,4.682000
0.289824,4.990000,4.692000
0.294912,4.990000,4.707000
0.300000,4.990000,4.712000
0.305072,4.990000,4.731000
0.310160,4.990000,4.751000
0.315248,4.990000,4.751000
0.320320,4.990000,4.761000
0.325408,4.990000,4.775000
0.330496,4.990000,4.790000
0.335584,4.990000,4.790000
0.340656,4.990000,4.795000
0.345744,4.990000,4.814000
0.350816,4.985000,4.824000
0.355904,4.995000,4.824000
0.360992,4.995000,4.834000
0.366064,4.995000,4.844000
0.371152,4.995000,4.863000
0.376240,4.995000,4.853000
0.381312,4.995000,4.853000
0.386400,4.995000,4.868000
0.391488,4.995000,4.878000
0.396576,4.995000,4.878000
0.401648,4.995000,4.878000
0.406736,0.098000,4.878000
0.411824,0.093000,4.629000
0.416896,0.088000,4.379000
0.421984,0.088000,4.164000
0.427072,0.073000,3.954000
0.432160,0.073000,3.759000
0.437232,0.068000,3.563000
0.442320,0.064000,3.387000
0.447408,0.064000,3.221000
0.452480,0.059000,3.065000
0.457568,0.054000,2.903000
0.462656,0.054000,2.757000
0.467744,0.049000,2.625000
0.472816,0.044000,2.493000
0.477904,0.044000,2.366000
0.482976,0.034000,2.248000
0.488064,0.034000,2.146000
0.493152,0.034000,2.033000
0.498240,0.034000,1.931000
0.503312,0.034000,1.838000
0.508384,0.029000,1.750000
0.513472,0.029000,1.662000
0.518560,0.029000,1.579000
0.523648,0.024000,1.500000
0.528720,0.020000,1.422000
0.533808,0.020000,1.359000
0.538880,0.020000,1.285000
0.543968,0.020000,1.227000
0.549056,0.020000,1.168000
0.554144,0.015000,1.109000
0.559216,0.015000,1.056000
0.564304,0.015000,1.002000
0.569376,0.015000,0.953000
0.574464,0.015000,0.909000
0.579552,0.010000,0.860000
0.584624,0.010000,0.816000
0.589712,0.010000,0.777000
0.594784,0.005000,0.743000
0.599872,0.005000,0.704000
0.604960,0.005000,0.670000
0.610048,0.010000,0.640000
0.615120,0.005000,0.606000
0.620208,0.005000,0.582000
0.625280,0.005000,0.552000
0.630368,0.005000,0.528000
0.635456,0.000000,0.499000
0.640528,0.000000,0.474000
0.645600,0.005000,0.450000
0.650688,0.000000,0.430000
0.655776,0.000000,0.406000
0.660848,0.000000,0.386000
0.665936,0.000000,0.371000
0.671008,0.000000,0.347000
0.676096,0.000000,0.342000
0.681184,0.000000,0.327000
0.686272,0.000000,0.303000
0.691344,0.000000,0.293000
0.696432,0.000000,0.274000
0.701504,0.000000,0.264000
0.706592,0.000000,0.249000
0.711680,0.000000,0.235000
0.716768,0.000000,0.225000
0.721840,0.000000,0.215000
0.726928,0.000000,0.205000
0.732000,0.000000,0.191000
0.737088,0.000000,0.191000
0.742176,0.000000,0.176000
0.747248,0.000000,0.166000
0.752336,0.000000,0.161000
0.757408,0.000000,0.152000
0.762496,0.000000,0.147000
0.767584,0.000000,0.137000
0.772672,0.000000,0.132000
0.777744,0.000000,0.127000
0.782816,0.000000,0.122000
0.787904,0.000000,0.117000
0.792992,0.000000,0.108000
0.798064,0.000000,0.098000
0.803152,0.000000,0.098000
0.808224,0.000000,0.093000
