time	I(L1)
Step Information: X=220  (Step: 1/5)
0.000000000000000e+00	0.000000e+00
1.002160000973893e-09	1.258025e-09
2.416020121280556e-05	6.029908e-05
1.362100281456114e-04	3.379275e-04
3.412881531456115e-04	8.373458e-04
6.342569031456117e-04	1.531538e-03
1.015116278145612e-03	2.401179e-03
1.483866278145612e-03	3.422682e-03
2.069803778145612e-03	4.627673e-03
2.772928778145607e-03	5.974796e-03
3.593241278145602e-03	7.420248e-03
4.530741278145605e-03	8.920116e-03
5.000001000000000e-03	9.614773e-03
5.000002000000001e-03	9.614773e-03
6.261928000056213e-03	8.368636e-03
7.521693625056223e-03	7.285717e-03
8.781459250056205e-03	6.342930e-03
1.000000000000000e-02	5.547226e-03
1.000000100000000e-02	5.547227e-03
1.076388012505619e-02	6.931781e-03
1.167208325005617e-02	8.433523e-03
1.272677075005614e-02	9.999238e-03
1.392794262505612e-02	1.157461e-02
1.500000100000000e-02	1.281523e-02
1.500000200000000e-02	1.281523e-02
1.626192800005621e-02	1.115429e-02
1.752169362505626e-02	9.710907e-03
1.878145925005631e-02	8.454296e-03
2.000000000000000e-02	7.393727e-03
2.000000100000000e-02	7.393727e-03
2.093966137505623e-02	8.899445e-03
2.202364575005628e-02	1.045374e-02
2.328341137505632e-02	1.204195e-02
2.454317700005637e-02	1.342464e-02
2.500000100000000e-02	1.388057e-02
2.500000200000000e-02	1.388057e-02
2.541231862505621e-02	1.326511e-02
2.667208425005626e-02	1.154858e-02
2.793184987505631e-02	1.005417e-02
2.919161550005636e-02	8.753140e-03
2.998263112505639e-02	8.023697e-03
3.000000000000000e-02	8.008369e-03
Step Information: X=415  (Step: 2/5)
0.000000000000000e+00	0.000000e+00
1.002160000782247e-09	1.258025e-09
1.208059917464194e-05	3.015300e-05
4.831939885856856e-05	1.201030e-04
1.362100238585685e-04	3.356492e-04
2.533975238585685e-04	6.170222e-04
4.291787738585687e-04	1.026458e-03
6.635537738585689e-04	1.549653e-03
9.272256488585691e-04	2.108619e-03
1.249491273858569e-03	2.751545e-03
1.630350648858570e-03	3.457964e-03
2.069803773858570e-03	4.206626e-03
2.597147523858566e-03	5.019402e-03
3.212381898858562e-03	5.861792e-03
3.886210023858558e-03	6.669023e-03
4.560038148858563e-03	7.370922e-03
5.000001000000000e-03	7.779049e-03
5.000002000000001e-03	7.779049e-03
5.675990500056208e-03	6.761028e-03
6.349818625056214e-03	5.878813e-03
7.023646750056219e-03	5.111714e-03
7.697474875056225e-03	4.444710e-03
8.371303000056214e-03	3.864740e-03
9.045131125056199e-03	3.360448e-03
9.718959250056185e-03	2.921959e-03
1.000000000000000e-02	2.756409e-03
1.000000100000000e-02	2.756410e-03
1.038302075005619e-02	3.466228e-03
1.085177075005618e-02	4.261649e-03
1.137911450005617e-02	5.068722e-03
1.199434887505616e-02	5.905201e-03
1.266817700005615e-02	6.706768e-03
1.334200512505613e-02	7.403742e-03
1.401583325005612e-02	8.009771e-03
1.468966137505610e-02	8.536722e-03
1.500000100000000e-02	8.755747e-03
1.500000200000000e-02	8.755747e-03
1.567599050005619e-02	7.609908e-03
1.634981862505621e-02	6.616927e-03
1.702364675005624e-02	5.753515e-03
1.769747487505626e-02	5.002765e-03
1.837130300005629e-02	4.349978e-03
1.904513112505632e-02	3.782369e-03
1.971895925005634e-02	3.288826e-03
2.000000000000000e-02	3.102490e-03
2.000000100000000e-02	3.102491e-03
2.041231762505621e-02	3.835946e-03
2.091036450005623e-02	4.642258e-03
2.146700512505625e-02	5.450114e-03
2.211153637505628e-02	6.276079e-03
2.278536450005630e-02	7.029252e-03
2.345919262505633e-02	7.684147e-03
2.413302075005636e-02	8.253587e-03
2.480684887505638e-02	8.748723e-03
2.500000100000000e-02	8.878377e-03
2.500000200000000e-02	8.878376e-03
2.538302175005621e-02	8.200137e-03
2.605684987505624e-02	7.130140e-03
2.673067800005626e-02	6.199761e-03
2.740450612505629e-02	5.390783e-03
2.807833425005632e-02	4.687365e-03
2.875216237505634e-02	4.075732e-03
2.942599050005637e-02	3.543909e-03
2.998263112505639e-02	3.157318e-03
3.000000000000000e-02	3.145942e-03
Step Information: X=610  (Step: 3/5)
0.000000000000000e+00	0.000000e+00
1.002160000590601e-09	1.258025e-09
1.208059810287988e-05	3.013084e-05
4.831939457152013e-05	1.197789e-04
1.069131445715201e-04	2.628136e-04
1.948037695715201e-04	4.726711e-04
3.119912695715201e-04	7.438718e-04
4.584756445715203e-04	1.069522e-03
6.342568945715204e-04	1.441574e-03
8.686318945715206e-04	1.907609e-03
1.132303769571521e-03	2.393579e-03
1.425272519571521e-03	2.889632e-03
1.776835019571521e-03	3.429248e-03
2.186991269571520e-03	3.989855e-03
2.626444394571517e-03	4.517562e-03
3.065897519571514e-03	4.979074e-03
3.505350644571512e-03	5.382694e-03
3.944803769571509e-03	5.735684e-03
4.384256894571513e-03	6.044394e-03
4.823710019571516e-03	6.314380e-03
5.000001000000000e-03	6.412955e-03
5.000002000000001e-03	6.412954e-03
5.441615500056206e-03	5.604931e-03
5.881068625056210e-03	4.901849e-03
6.320521750056213e-03	4.286961e-03
6.759974875056217e-03	3.749205e-03
7.199428000056221e-03	3.278905e-03
7.638881125056224e-03	2.867599e-03
8.078334250056220e-03	2.507888e-03
8.517787375056211e-03	2.193298e-03
8.957240500056201e-03	1.918171e-03
9.396693625056192e-03	1.677556e-03
9.836146750056183e-03	1.467123e-03
1.000000000000000e-02	1.395577e-03
1.000000100000000e-02	1.395578e-03
1.020723950005620e-02	1.812033e-03
1.047091137505619e-02	2.305389e-03
1.076388012505619e-02	2.808980e-03
1.111544262505618e-02	3.356797e-03
1.152559887505617e-02	3.925923e-03
1.196505200005616e-02	4.461650e-03
1.240450512505615e-02	4.930176e-03
1.284395825005614e-02	5.339929e-03
1.328341137505613e-02	5.698284e-03
1.372286450005612e-02	6.011685e-03
1.416231762505611e-02	6.285775e-03
1.460177075005610e-02	6.525482e-03
1.500000100000000e-02	6.716657e-03
1.500000200000000e-02	6.716656e-03
1.544161550005619e-02	5.870368e-03
1.588106862505620e-02	5.133989e-03
1.632052175005621e-02	4.489982e-03
1.675997487505623e-02	3.926759e-03
1.719942800005625e-02	3.434186e-03
1.763888112505626e-02	3.003402e-03
1.807833425005628e-02	2.626656e-03
1.851778737505630e-02	2.297168e-03
1.895724050005631e-02	2.009011e-03
1.939669362505633e-02	1.757001e-03
1.983614675005635e-02	1.536603e-03
2.000000000000000e-02	1.461668e-03
2.000000100000000e-02	1.461669e-03
2.023653637505621e-02	1.930323e-03
2.050020825005622e-02	2.414538e-03
2.082247387505623e-02	2.955839e-03
2.117403637505624e-02	3.488724e-03
2.158419262505626e-02	4.042337e-03
2.202364575005628e-02	4.563461e-03
2.246309887505629e-02	5.019215e-03
2.290255200005631e-02	5.417800e-03
2.334200512505633e-02	5.766386e-03
2.378145825005634e-02	6.071245e-03
2.422091137505636e-02	6.337863e-03
2.466036450005638e-02	6.571037e-03
2.500000100000000e-02	6.731040e-03
2.500000200000000e-02	6.731039e-03
2.538302175005621e-02	5.989019e-03
2.582247487505623e-02	5.237756e-03
2.626192800005625e-02	4.580732e-03
2.670138112505626e-02	4.006126e-03
2.714083425005628e-02	3.503598e-03
2.758028737505630e-02	3.064106e-03
2.801974050005631e-02	2.679745e-03
2.845919362505633e-02	2.343598e-03
2.889864675005635e-02	2.049617e-03
2.933809987505636e-02	1.792513e-03
2.977755300005638e-02	1.567661e-03
2.998263112505639e-02	1.472596e-03
3.000000000000000e-02	1.464798e-03
Step Information: X=805  (Step: 4/5)
0.000000000000000e+00	0.000000e+00
1.002160000398955e-09	1.258025e-09
1.208059703111713e-05	3.010871e-05
4.831939028446892e-05	1.194562e-04
1.069131402844689e-04	2.614076e-04
1.948037652844689e-04	4.682096e-04
2.826943902844689e-04	6.678235e-04
3.998818902844690e-04	9.232246e-04
5.463662652844691e-04	1.225992e-03
7.221475152844693e-04	1.566519e-03
9.272256402844695e-04	1.934515e-03
1.161600640284470e-03	2.319517e-03
1.425272515284470e-03	2.711375e-03
1.747538140284470e-03	3.137135e-03
2.099100640284470e-03	3.542754e-03
2.450663140284467e-03	3.894851e-03
2.802225640284465e-03	4.200489e-03
3.153788140284463e-03	4.465799e-03
3.505350640284460e-03	4.696100e-03
3.856913140284458e-03	4.896014e-03
4.208475640284461e-03	5.069549e-03
4.560038140284463e-03	5.220185e-03
4.911600640284466e-03	5.350946e-03
5.000001000000000e-03	5.381045e-03
5.000002000000001e-03	5.381044e-03
5.324428000056205e-03	4.722481e-03
5.646693625056208e-03	4.147977e-03
5.968959250056210e-03	3.643363e-03
6.291224875056213e-03	3.200137e-03
6.613490500056216e-03	2.810830e-03
6.935756125056218e-03	2.468884e-03
7.258021750056221e-03	2.168537e-03
7.580287375056224e-03	1.904728e-03
7.902553000056224e-03	1.673012e-03
8.224818625056217e-03	1.469485e-03
8.547084250056210e-03	1.290718e-03
8.869349875056203e-03	1.133698e-03
9.191615500056196e-03	9.957801e-04
9.513881125056189e-03	8.746405e-04
9.836146750056183e-03	7.682379e-04
1.000000000000000e-02	7.191809e-04
1.000000100000000e-02	7.191818e-04
1.011934887505620e-02	9.765876e-04
1.026583325005620e-02	1.276300e-03
1.044161450005619e-02	1.613391e-03
1.064669262505619e-02	1.977673e-03
1.088106762505618e-02	2.358790e-03
1.117403637505618e-02	2.787306e-03
1.149630200005617e-02	3.203830e-03
1.184786450005616e-02	3.600648e-03
1.219942700005616e-02	3.945106e-03
1.255098950005615e-02	4.244113e-03
1.290255200005614e-02	4.503666e-03
1.325411450005613e-02	4.728971e-03
1.360567700005613e-02	4.924547e-03
1.395723950005612e-02	5.094318e-03
1.430880200005611e-02	5.241686e-03
1.466036450005610e-02	5.369610e-03
1.500000100000000e-02	5.477164e-03
1.500000200000000e-02	5.477163e-03
1.532442800005619e-02	4.806836e-03
1.564669362505619e-02	4.222070e-03
1.596895925005620e-02	3.708442e-03
1.629122487505621e-02	3.257299e-03
1.661349050005622e-02	2.861039e-03
1.693575612505624e-02	2.512985e-03
1.725802175005625e-02	2.207272e-03
1.758028737505626e-02	1.938751e-03
1.790255300005627e-02	1.702896e-03
1.822481862505628e-02	1.495734e-03
1.854708425005630e-02	1.313773e-03
1.886934987505631e-02	1.153949e-03
1.919161550005632e-02	1.013567e-03
1.951388112505633e-02	8.902638e-04
1.983614675005635e-02	7.819605e-04
2.000000000000000e-02	7.320272e-04
2.000000100000000e-02	7.320282e-04
2.011934887505620e-02	9.888320e-04
2.026583325005621e-02	1.287843e-03
2.044161450005622e-02	1.624145e-03
2.064669262505622e-02	1.987576e-03
2.088106762505623e-02	2.367801e-03
2.117403637505624e-02	2.795315e-03
2.149630200005626e-02	3.210864e-03
2.184786450005627e-02	3.606754e-03
2.219942700005628e-02	3.950407e-03
2.255098950005630e-02	4.248715e-03
2.290255200005631e-02	4.507660e-03
2.325411450005632e-02	4.732438e-03
2.360567700005634e-02	4.927557e-03
2.395723950005635e-02	5.096930e-03
2.430880200005636e-02	5.243954e-03
2.466036450005638e-02	5.371578e-03
2.500000100000000e-02	5.478881e-03
2.500000200000000e-02	5.478880e-03
2.532442800005621e-02	4.808343e-03
2.538302175005621e-02	4.696268e-03
2.570528737505623e-02	4.124953e-03
2.602755300005624e-02	3.623140e-03
2.634981862505625e-02	3.182374e-03
2.667208425005626e-02	2.795229e-03
2.699434987505627e-02	2.455181e-03
2.731661550005629e-02	2.156500e-03
2.763888112505630e-02	1.894156e-03
2.796114675005631e-02	1.663726e-03
2.828341237505632e-02	1.461328e-03
2.860567800005634e-02	1.283553e-03
2.892794362505635e-02	1.127405e-03
2.925020925005636e-02	9.902531e-04
2.957247487505637e-02	8.697858e-04
2.989474050005638e-02	7.639737e-04
2.998263112505639e-02	7.374091e-04
3.000000000000000e-02	7.322567e-04
Step Information: X=1K  (Step: 5/5)
0.000000000000000e+00	0.000000e+00
1.002160000207309e-09	1.258025e-09
6.040797619677501e-06	1.507229e-05
2.416019263871021e-05	5.994616e-05
4.831938599742049e-05	1.191349e-04
7.761626099742049e-05	1.900666e-04
1.362100109974205e-04	3.289408e-04
2.241006359974205e-04	5.297704e-04
3.119912609974205e-04	7.219656e-04
4.291787609974206e-04	9.654334e-04
5.756631359974207e-04	1.250377e-03
7.514443859974209e-04	1.565871e-03
9.565225109974210e-04	1.900557e-03
1.190897510997421e-03	2.243304e-03
1.454569385997421e-03	2.583803e-03
1.718241260997422e-03	2.882245e-03
1.981913135997422e-03	3.143824e-03
2.245585010997420e-03	3.373093e-03
2.509256885997418e-03	3.574044e-03
2.772928760997417e-03	3.750174e-03
3.036600635997415e-03	3.904548e-03
3.300272510997413e-03	4.039855e-03
3.563944385997411e-03	4.158449e-03
3.827616260997410e-03	4.262395e-03
4.091288135997411e-03	4.353501e-03
4.354960010997413e-03	4.433354e-03
4.618631885997415e-03	4.503344e-03
4.882303760997417e-03	4.564689e-03
5.000001000000000e-03	4.589590e-03
5.000002000000001e-03	4.589589e-03
5.265834250056205e-03	4.018568e-03
5.529506125056207e-03	3.522205e-03
5.793178000056209e-03	3.087151e-03
6.056849875056211e-03	2.705835e-03
6.320521750056213e-03	2.371617e-03
6.584193625056215e-03	2.078681e-03
6.847865500056218e-03	1.821928e-03
7.111537375056220e-03	1.596888e-03
7.375209250056222e-03	1.399644e-03
7.638881125056224e-03	1.226764e-03
7.902553000056224e-03	1.075237e-03
8.166224875056218e-03	9.424268e-04
8.429896750056213e-03	8.260207e-04
8.693568625056207e-03	7.239928e-04
8.957240500056201e-03	6.345671e-04
9.220912375056196e-03	5.561870e-04
9.484584250056190e-03	4.874882e-04
9.748256125056184e-03	4.272749e-04
1.000000000000000e-02	3.767191e-04
1.000000100000000e-02	3.767202e-04
1.009005200005620e-02	5.800342e-04
1.017794262505620e-02	7.700683e-04
1.029513012505620e-02	1.010799e-03
1.044161450005619e-02	1.292538e-03
1.061739575005619e-02	1.604485e-03
1.082247387505618e-02	1.935408e-03
1.105684887505618e-02	2.274300e-03
1.132052075005617e-02	2.610971e-03
1.158419262505617e-02	2.906057e-03
1.184786450005616e-02	3.164695e-03
1.211153637505616e-02	3.391386e-03
1.237520825005615e-02	3.590078e-03
1.263888012505615e-02	3.764227e-03
1.290255200005614e-02	3.916866e-03
1.316622387505613e-02	4.050651e-03
1.342989575005613e-02	4.167912e-03
1.369356762505612e-02	4.270688e-03
1.395723950005612e-02	4.360770e-03
1.422091137505611e-02	4.439726e-03
1.448458325005611e-02	4.508929e-03
1.474825512505610e-02	4.569584e-03
1.500000100000000e-02	4.620511e-03
1.500000200000000e-02	4.620510e-03
1.526583425005620e-02	4.045642e-03
1.552950612505619e-02	3.545935e-03
1.579317800005619e-02	3.107951e-03
1.605684987505620e-02	2.724065e-03
1.632052175005621e-02	2.387595e-03
1.658419362505622e-02	2.092686e-03
1.684786550005623e-02	1.834203e-03
1.711153737505624e-02	1.607647e-03
1.737520925005625e-02	1.409074e-03
1.763888112505626e-02	1.235029e-03
1.790255300005627e-02	1.082482e-03
1.816622487505628e-02	9.487762e-04
1.842989675005629e-02	8.315858e-04
1.869356862505630e-02	7.288705e-04
1.895724050005631e-02	6.388423e-04
1.922091237505632e-02	5.599342e-04
1.948458425005633e-02	4.907725e-04
1.974825612505634e-02	4.301536e-04
2.000000000000000e-02	3.792572e-04
2.000000100000000e-02	3.792582e-04
2.009005200005620e-02	5.824607e-04
2.017794262505621e-02	7.723904e-04
2.029513012505621e-02	1.012989e-03
2.044161450005622e-02	1.294573e-03
2.061739575005622e-02	1.606349e-03
2.082247387505623e-02	1.937090e-03
2.105684887505624e-02	2.275797e-03
2.132052075005625e-02	2.612283e-03
2.158419262505626e-02	2.907207e-03
2.184786450005627e-02	3.165702e-03
2.211153637505628e-02	3.392270e-03
2.237520825005629e-02	3.590852e-03
2.263888012505630e-02	3.764906e-03
2.290255200005631e-02	3.917460e-03
2.316622387505632e-02	4.051172e-03
2.342989575005633e-02	4.168368e-03
2.369356762505634e-02	4.271089e-03
2.395723950005635e-02	4.361121e-03
2.422091137505636e-02	4.440033e-03
2.448458325005637e-02	4.509198e-03
2.474825512505638e-02	4.569820e-03
2.500000100000000e-02	4.620720e-03
2.500000200000000e-02	4.620718e-03
2.526583425005621e-02	4.045825e-03
2.538302175005621e-02	3.815572e-03
2.564669362505622e-02	3.344283e-03
2.591036550005623e-02	2.931206e-03
2.617403737505624e-02	2.569151e-03
2.643770925005625e-02	2.251816e-03
2.670138112505626e-02	1.973677e-03
2.696505300005627e-02	1.729894e-03
2.722872487505628e-02	1.516222e-03
2.749239675005629e-02	1.328942e-03
2.775606862505630e-02	1.164795e-03
2.801974050005631e-02	1.020922e-03
2.828341237505632e-02	8.948206e-04
2.854708425005633e-02	7.842947e-04
2.881075612505634e-02	6.874206e-04
2.907442800005635e-02	6.025122e-04
2.933809987505636e-02	5.280914e-04
2.960177175005637e-02	4.628630e-04
2.986544362505638e-02	4.056914e-04
2.998263112505639e-02	3.825946e-04
3.000000000000000e-02	3.792743e-04
