Channel 1,Channel 2,Channel 3,Channel 4,Channel 5,Channel 6,Channel 7,Channel 8
0.000016,3.402000,3.050000,0.916000,0.753000,0.000000,0.822000,33897.500000
0.000032,3.402000,3.265000,0.916000,0.753000,0.000000,0.822000,33897.500000
0.000048,3.441000,3.319000,0.916000,0.753000,0.000000,0.822000,33897.500000
0.000068,3.441000,3.363000,0.916000,0.753000,0.000000,0.822000,33897.500000
0.000084,3.441000,3.402000,0.916000,0.753000,0.000000,0.822000,33897.500000
0.000100,3.441000,3.402000,0.916000,0.753000,0.000000,0.822000,33897.500000
0.000116,3.441000,3.402000,0.916000,0.753000,0.000000,0.822000,33897.500000
0.000132,3.441000,3.402000,0.916000,0.753000,0.000000,0.822000,33897.500000
0.000148,3.441000,3.402000,0.916000,0.753000,0.000000,0.822000,33897.500000
0.000168,3.441000,3.402000,0.916000,0.753000,0.000000,0.822000,33897.500000
0.000184,3.441000,3.402000,0.916000,0.753000,0.000000,0.822000,33897.500000
0.000200,3.441000,3.402000,0.916000,0.753000,0.000000,0.822000,33897.500000
0.000216,3.441000,3.402000,0.916000,0.753000,0.000000,0.822000,33897.500000
0.000232,3.441000,3.402000,0.916000,0.753000,0.000000,0.822000,33897.500000
0.000248,3.441000,3.402000,0.916000,0.753000,0.000000,0.822000,33897.500000
0.000268,3.441000,3.402000,0.916000,0.753000,0.000000,0.822000,33897.500000
0.000284,3.441000,3.402000,0.916000,0.753000,0.000000,0.822000,33897.500000
0.000300,3.441000,3.402000,0.916000,0.753000,0.000000,0.822000,33897.500000
0.000316,3.441000,3.402000,0.916000,0.753000,0.000000,0.822000,33897.500000
0.000332,3.441000,3.402000,0.916000,0.753000,0.000000,0.822000,33897.500000
0.000348,3.441000,3.402000,0.916000,0.753000,0.000000,0.822000,33897.500000
0.000368,3.441000,3.402000,0.916000,0.753000,0.000000,0.822000,33897.500000
0.000384,3.441000,3.402000,0.916000,0.753000,0.000000,0.822000,33897.500000
0.000400,3.441000,3.402000,0.916000,0.753000,0.000000,0.822000,33897.500000
0.000416,3.441000,3.402000,0.916000,0.753000,0.000000,0.822000,33897.500000
0.000432,3.441000,3.402000,0.916000,0.753000,0.000000,0.822000,33897.500000
0.000448,3.441000,3.402000,0.916000,0.753000,0.000000,0.822000,33897.500000
0.000468,3.441000,3.402000,0.916000,0.753000,0.000000,0.822000,33897.500000
0.000484,3.441000,3.402000,0.916000,0.753000,0.000000,0.822000,33897.500000
0.000500,3.441000,3.402000,0.916000,0.753000,0.000000,0.822000,33897.500000
0.000516,3.441000,3.402000,0.916000,0.753000,0.000000,0.822000,33897.500000
0.000532,3.441000,3.402000,0.916000,0.753000,0.000000,0.822000,33897.500000
0.000548,3.441000,3.402000,0.916000,0.753000,0.000000,0.822000,33897.500000
0.000568,3.441000,3.402000,0.916000,0.753000,0.000000,0.822000,33897.500000
0.000584,3.441000,3.402000,0.916000,0.753000,0.000000,0.822000,33897.500000
0.000600,3.441000,3.402000,0.916000,0.753000,0.000000,0.822000,33897.500000
0.000616,3.441000,3.402000,0.916000,0.753000,0.000000,0.822000,33897.500000
0.000632,3.441000,3.402000,0.916000,0.753000,0.000000,0.822000,33897.500000
0.000648,3.441000,3.402000,0.916000,0.753000,0.000000,0.822000,33897.500000
0.000668,3.441000,3.402000,0.916000,0.753000,0.000000,0.822000,33897.500000
0.000684,3.441000,3.402000,0.916000,0.753000,0.000000,0.822000,33897.500000
0.000700,3.441000,3.402000,0.916000,0.753000,0.000000,0.822000,33897.500000
0.000716,3.441000,3.402000,0.916000,0.753000,0.000000,0.822000,33897.500000
0.000732,3.441000,3.402000,0.916000,0.753000,0.000000,0.822000,33897.500000
0.000748,3.441000,3.402000,0.916000,0.753000,0.000000,0.822000,33897.500000
0.000768,3.441000,3.402000,0.916000,0.753000,0.000000,0.822000,33897.500000
0.000784,3.441000,3.402000,0.916000,0.753000,0.000000,0.822000,33897.500000
0.000800,3.441000,3.402000,0.916000,0.753000,0.000000,0.822000,33897.500000
0.000816,3.441000,3.402000,0.916000,0.753000,0.000000,0.822000,33897.500000
0.000840,3.441000,3.402000,0.916000,0.753000,0.000000,0.822000,33897.500000
0.000856,3.441000,3.402000,0.916000,0.753000,0.000000,0.822000,33897.500000
0.000872,3.441000,3.402000,0.916000,0.753000,0.000000,0.822000,33897.500000
0.000888,3.441000,3.402000,0.916000,0.753000,0.000000,0.822000,33897.500000
0.000908,3.441000,3.402000,0.916000,0.753000,0.000000,0.822000,33897.500000
0.000924,3.441000,3.402000,0.916000,0.753000,0.000000,0.822000,33897.500000
0.000940,3.441000,3.402000,0.916000,0.753000,0.000000,0.822000,33897.500000
0.000956,3.441000,3.402000,0.916000,0.753000,0.000000,0.822000,33897.500000
0.000972,3.441000,3.402000,0.916000,0.753000,0.000000,0.822000,33897.500000
0.000988,3.441000,3.402000,0.916000,0.753000,0.000000,0.822000,33897.500000
0.001008,3.441000,3.402000,0.916000,0.753000,0.000000,0.822000,33897.500000
0.001024,3.441000,3.402000,0.916000,0.753000,0.000000,0.822000,33897.500000
0.001040,3.441000,3.402000,0.916000,0.753000,0.000000,0.822000,33897.500000
0.001056,3.441000,3.402000,0.916000,0.753000,0.000000,0.822000,33897.500000
0.001072,3.441000,3.402000,0.916000,0.753000,0.000000,0.822000,33897.500000
0.001088,3.441000,3.402000,0.916000,0.753000,0.000000,0.822000,33897.500000
0.001108,3.441000,3.402000,0.916000,0.753000,0.000000,0.822000,33897.500000
0.001124,3.441000,3.402000,0.916000,0.753000,0.000000,0.822000,33897.500000
0.001140,3.441000,3.402000,0.916000,0.753000,0.000000,0.822000,33897.500000
0.001156,3.441000,3.402000,0.916000,0.753000,0.000000,0.822000,33897.500000
0.001172,3.441000,3.402000,0.916000,0.753000,0.000000,0.822000,33897.500000
0.001188,3.441000,3.402000,0.916000,0.753000,0.000000,0.822000,33897.500000
0.001208,3.441000,3.402000,0.916000,0.753000,0.000000,0.822000,33897.500000
0.001224,3.441000,3.402000,0.916000,0.753000,0.000000,0.822000,33897.500000
0.001240,3.441000,3.402000,0.916000,0.753000,0.000000,0.822000,33897.500000
0.001256,3.441000,3.402000,0.916000,0.753000,0.000000,0.822000,33897.500000
0.001272,3.441000,3.402000,0.916000,0.753000,0.000000,0.822000,33897.500000
0.001288,3.441000,3.402000,0.916000,0.753000,0.000000,0.822000,33897.500000
0.001308,3.441000,3.402000,0.916000,0.753000,0.000000,0.822000,33897.500000
0.001324,3.441000,3.402000,0.916000,0.753000,0.000000,0.822000,33897.500000
0.001340,3.441000,3.402000,0.916000,0.753000,0.000000,0.822000,33897.500000
0.001356,3.441000,3.402000,0.916000,0.753000,0.000000,0.822000,33897.500000
0.001372,3.441000,3.402000,0.916000,0.753000,0.000000,0.822000,33897.500000
0.001388,3.441000,3.402000,0.916000,0.753000,0.000000,0.822000,33897.500000
0.001408,3.441000,3.402000,0.916000,0.753000,0.000000,0.822000,33897.500000
0.001424,3.441000,3.402000,0.916000,0.753000,0.000000,0.822000,33897.500000
0.001440,3.441000,3.402000,0.916000,0.753000,0.000000,0.822000,33897.500000
0.001456,3.441000,3.402000,0.916000,0.753000,0.000000,0.822000,33897.500000
0.001472,3.441000,3.402000,0.916000,0.753000,0.000000,0.822000,33897.500000
0.001488,3.441000,3.402000,0.916000,0.753000,0.000000,0.822000,33897.500000
0.001508,3.441000,3.402000,0.916000,0.753000,0.000000,0.822000,33897.500000
0.001524,3.402000,3.402000,0.916000,0.753000,0.000000,0.822000,33897.500000
0.001540,3.441000,3.402000,0.916000,0.753000,0.000000,0.822000,33897.500000
0.001556,3.441000,3.402000,0.916000,0.753000,0.000000,0.822000,33897.500000
0.001572,3.402000,3.402000,0.916000,0.753000,0.000000,0.822000,33897.500000
0.001588,3.441000,3.402000,0.916000,0.753000,0.000000,0.822000,33897.500000
0.001608,3.441000,3.402000,0.916000,0.753000,0.000000,0.822000,33897.500000
0.001624,3.402000,3.402000,0.916000,0.753000,0.000000,0.822000,33897.500000
0.001640,3.441000,3.402000,0.916000,0.753000,0.000000,0.822000,33897.500000
0.001656,3.441000,3.402000,0.916000,0.753000,0.000000,0.822000,33897.500000
0.001672,3.402000,3.402000,0.916000,0.753000,0.000000,0.822000,33897.500000
0.001688,3.402000,3.402000,0.916000,0.753000,0.000000,0.822000,33897.500000
0.001708,3.402000,3.402000,0.916000,0.753000,0.000000,0.822000,33897.500000
0.001724,3.441000,3.402000,0.916000,0.753000,0.000000,0.822000,33897.500000
0.001740,3.402000,3.402000,0.916000,0.753000,0.000000,0.822000,33897.500000
0.001756,3.441000,3.402000,0.916000,0.753000,0.000000,0.822000,33897.500000
0.001772,3.441000,3.402000,0.916000,0.753000,0.000000,0.822000,33897.500000
0.001788,3.402000,3.402000,0.916000,0.753000,0.000000,0.822000,33897.500000
0.001808,3.441000,3.402000,0.916000,0.753000,0.000000,0.822000,33897.500000
0.001824,3.441000,3.402000,0.916000,0.753000,0.000000,0.822000,33897.500000
0.001840,3.441000,3.402000,0.916000,0.753000,0.000000,0.822000,33897.500000
0.001860,3.441000,3.402000,0.916000,0.753000,0.000000,0.822000,33897.500000
0.001880,3.441000,3.402000,0.916000,0.753000,0.000000,0.822000,33897.500000
0.001896,3.441000,3.402000,0.916000,0.753000,0.000000,0.822000,33897.500000
0.001912,3.441000,3.402000,0.916000,0.753000,0.000000,0.822000,33897.500000
0.001928,3.441000,3.402000,0.916000,0.753000,0.000000,0.822000,33897.500000
0.001944,3.441000,3.402000,0.916000,0.753000,0.000000,0.822000,33897.500000
0.001960,3.441000,3.402000,0.916000,0.753000,0.000000,0.822000,33897.500000
0.001980,3.441000,3.402000,0.916000,0.753000,0.000000,0.822000,33897.500000
0.001996,3.441000,3.402000,0.916000,0.753000,0.000000,0.822000,33897.500000
0.002012,3.441000,3.402000,0.916000,0.753000,0.000000,0.822000,33897.500000
0.002028,3.441000,3.402000,0.916000,0.753000,0.000000,0.822000,33897.500000
0.002044,3.441000,3.402000,0.916000,0.753000,0.000000,0.822000,33897.500000
0.002060,3.441000,3.402000,0.916000,0.753000,0.000000,0.822000,33897.500000
0.002080,3.441000,3.402000,0.916000,0.753000,0.000000,0.822000,33897.500000
0.002096,3.441000,3.402000,0.916000,0.753000,0.000000,0.822000,33897.500000
0.002112,3.441000,3.402000,0.916000,0.753000,0.000000,0.822000,33897.500000
0.002128,3.441000,3.402000,0.916000,0.753000,0.000000,0.822000,33897.500000
0.002144,3.441000,3.402000,0.916000,0.753000,0.000000,0.822000,33897.500000
0.002160,3.441000,3.402000,0.916000,0.753000,0.000000,0.822000,33897.500000
0.002180,3.441000,3.402000,0.916000,0.753000,0.000000,0.822000,33897.500000