0.000024,3.402000,3.016000,0.749000,0.749000,1358.700000,0.999000,2079514624.000000
0.000048,3.402000,3.245000,0.749000,0.749000,1358.700000,0.999000,2079514624.000000
0.000072,3.402000,3.319000,0.749000,0.749000,1358.700000,0.999000,2079514624.000000
0.000096,3.402000,3.363000,0.749000,0.749000,1358.700000,0.999000,2079514624.000000
0.000120,3.402000,3.368000,0.749000,0.749000,1358.700000,0.999000,2079514624.000000
0.000144,3.402000,3.368000,0.749000,0.749000,1358.700000,0.999000,2079514624.000000
0.000164,3.402000,3.377000,0.749000,0.749000,1358.700000,0.999000,2079514624.000000
0.000192,3.402000,3.377000,0.749000,0.749000,1358.700000,0.999000,2079514624.000000
0.000212,3.402000,3.377000,0.749000,0.749000,1358.700000,0.999000,2079514624.000000
0.000236,3.402000,3.377000,0.749000,0.749000,1358.700000,0.999000,2079514624.000000
0.000260,3.402000,3.377000,0.749000,0.749000,1358.700000,0.999000,2079514624.000000
0.000284,3.402000,3.377000,0.749000,0.749000,1358.700000,0.999000,2079514624.000000
0.000308,3.402000,3.377000,0.749000,0.749000,1358.700000,0.999000,2079514624.000000
0.000332,3.402000,3.377000,0.749000,0.749000,1358.700000,0.999000,2079514624.000000
0.000356,3.402000,3.377000,0.749000,0.749000,1358.700000,0.999000,2079514624.000000
0.000380,3.402000,3.377000,0.749000,0.749000,1358.700000,0.999000,2079514624.000000
0.000404,3.402000,3.377000,0.749000,0.749000,1358.700000,0.999000,2079514624.000000
0.000428,3.402000,3.377000,0.749000,0.749000,1358.700000,0.999000,2079514624.000000
0.000452,3.402000,3.377000,0.749000,0.749000,1358.700000,0.999000,2079514624.000000
0.000476,3.402000,3.377000,0.749000,0.749000,1358.700000,0.999000,2079514624.000000
0.000500,3.402000,3.377000,0.749000,0.749000,1358.700000,0.999000,2079514624.000000
0.000524,3.402000,3.377000,0.749000,0.749000,1358.700000,0.999000,2079514624.000000
0.000544,3.402000,3.377000,0.749000,0.749000,1358.700000,0.999000,2079514624.000000
0.000572,3.402000,3.377000,0.749000,0.749000,1358.700000,0.999000,2079514624.000000
0.000592,3.402000,3.377000,0.749000,0.749000,1358.700000,0.999000,2079514624.000000
0.000616,3.402000,3.377000,0.749000,0.749000,1358.700000,0.999000,2079514624.000000
0.000640,3.402000,3.377000,0.749000,0.749000,1358.700000,0.999000,2079514624.000000
0.000668,3.402000,3.377000,0.749000,0.749000,1358.700000,0.999000,2079514624.000000
0.000692,3.402000,3.377000,0.749000,0.749000,1358.700000,0.999000,2079514624.000000
0.000716,3.402000,3.377000,0.749000,0.749000,1358.700000,0.999000,2079514624.000000
0.000736,3.402000,3.377000,0.749000,0.749000,1358.700000,0.999000,2079514624.000000
0.000764,3.402000,3.377000,0.749000,0.749000,1358.700000,0.999000,2079514624.000000
0.000784,3.402000,3.377000,0.749000,0.749000,1358.700000,0.999000,2079514624.000000
0.000808,3.402000,3.377000,0.749000,0.749000,1358.700000,0.999000,2079514624.000000
0.000832,3.402000,3.377000,0.749000,0.749000,1358.700000,0.999000,2079514624.000000
0.000856,3.402000,3.377000,0.749000,0.749000,1358.700000,0.999000,2079514624.000000
0.000880,3.402000,3.377000,0.749000,0.749000,1358.700000,0.999000,2079514624.000000
0.000904,3.402000,3.377000,0.749000,0.749000,1358.700000,0.999000,2079514624.000000
0.000928,3.402000,3.377000,0.749000,0.749000,1358.700000,0.999000,2079514624.000000
0.000952,3.402000,3.377000,0.749000,0.749000,1358.700000,0.999000,2079514624.000000
0.000976,3.402000,3.377000,0.749000,0.749000,1358.700000,0.999000,2079514624.000000
0.001000,3.402000,3.377000,0.749000,0.749000,1358.700000,0.999000,2079514624.000000
0.001024,3.402000,3.377000,0.749000,0.749000,1358.700000,0.999000,2079514624.000000
0.001048,3.402000,3.377000,0.749000,0.749000,1358.700000,0.999000,2079514624.000000
0.001072,3.402000,3.377000,0.749000,0.749000,1358.700000,0.999000,2079514624.000000
0.001096,3.402000,3.377000,0.749000,0.749000,1358.700000,0.999000,2079514624.000000
0.001116,3.402000,3.377000,0.749000,0.749000,1358.700000,0.999000,2079514624.000000
0.001144,3.402000,3.377000,0.749000,0.749000,1358.700000,0.999000,2079514624.000000
0.001164,3.402000,3.377000,0.749000,0.749000,1358.700000,0.999000,2079514624.000000
0.001188,3.402000,3.377000,0.749000,0.749000,1358.700000,0.999000,2079514624.000000
0.001212,3.402000,3.377000,0.749000,0.749000,1358.700000,0.999000,2079514624.000000
0.001236,3.402000,3.377000,0.749000,0.749000,1358.700000,0.999000,2079514624.000000
0.001260,3.402000,3.377000,0.749000,0.749000,1358.700000,0.999000,2079514624.000000
0.001284,3.402000,3.377000,0.749000,0.749000,1358.700000,0.999000,2079514624.000000
0.001308,3.402000,3.377000,0.749000,0.749000,1358.700000,0.999000,2079514624.000000
0.001332,3.402000,3.377000,0.749000,0.749000,1358.700000,0.999000,2079514624.000000
0.001356,3.402000,3.377000,0.749000,0.749000,1358.700000,0.999000,2079514624.000000
0.001380,3.402000,3.377000,0.749000,0.749000,1358.700000,0.999000,2079514624.000000
0.001404,3.407000,3.377000,0.749000,0.749000,1358.700000,0.999000,2079514624.000000
0.001428,3.402000,3.377000,0.749000,0.749000,1358.700000,0.999000,2079514624.000000
0.001452,3.402000,3.377000,0.749000,0.749000,1358.700000,0.999000,2079514624.000000
0.001476,3.402000,3.377000,0.749000,0.749000,1358.700000,0.999000,2079514624.000000
0.001496,3.402000,3.377000,0.749000,0.749000,1358.700000,0.999000,2079514624.000000
0.001524,3.402000,3.377000,0.749000,0.749000,1358.700000,0.999000,2079514624.000000
0.001544,3.402000,3.377000,0.749000,0.749000,1358.700000,0.999000,2079514624.000000
0.001568,3.402000,3.377000,0.749000,0.749000,1358.700000,0.999000,2079514624.000000
0.001592,3.402000,3.377000,0.749000,0.749000,1358.700000,0.999000,2079514624.000000
0.001616,3.402000,3.377000,0.749000,0.749000,1358.700000,0.999000,2079514624.000000
0.001640,3.402000,3.377000,0.749000,0.749000,1358.700000,0.999000,2079514624.000000
0.001664,3.402000,3.377000,0.749000,0.749000,1358.700000,0.999000,2079514624.000000
0.001692,3.402000,3.377000,0.749000,0.749000,1358.700000,0.999000,2079514624.000000
0.001716,3.402000,3.377000,0.749000,0.749000,1358.700000,0.999000,2079514624.000000
0.001736,3.402000,3.377000,0.749000,0.749000,1358.700000,0.999000,2079514624.000000
0.001760,3.402000,3.377000,0.749000,0.749000,1358.700000,0.999000,2079514624.000000
0.001784,3.402000,3.377000,0.749000,0.749000,1358.700000,0.999000,2079514624.000000
0.001808,3.402000,3.377000,0.749000,0.749000,1358.700000,0.999000,2079514624.000000
0.001832,3.402000,3.377000,0.749000,0.749000,1358.700000,0.999000,2079514624.000000
0.001856,3.402000,3.377000,0.749000,0.749000,1358.700000,0.999000,2079514624.000000
0.001880,3.402000,3.377000,0.749000,0.749000,1358.700000,0.999000,2079514624.000000
0.001904,3.402000,3.377000,0.749000,0.749000,1358.700000,0.999000,2079514624.000000
0.001928,3.402000,3.377000,0.749000,0.749000,1358.700000,0.999000,2079514624.000000
0.001952,3.402000,3.377000,0.749000,0.749000,1358.700000,0.999000,2079514624.000000
0.001976,3.402000,3.377000,0.749000,0.749000,1358.700000,0.999000,2079514624.000000
0.002000,3.402000,3.377000,0.749000,0.749000,1358.700000,0.999000,2079514624.000000
0.002024,3.402000,3.377000,0.749000,0.749000,1358.700000,0.999000,2079514624.000000
0.002048,3.402000,3.377000,0.749000,0.749000,1358.700000,0.999000,2079514624.000000
0.002068,3.402000,3.377000,0.749000,0.749000,1358.700000,0.999000,2079514624.000000
0.002096,3.402000,3.377000,0.749000,0.749000,1358.700000,0.999000,2079514624.000000
0.002116,3.402000,3.377000,0.749000,0.749000,1358.700000,0.999000,2079514624.000000
0.002140,3.407000,3.377000,0.749000,0.749000,1358.700000,0.999000,2079514624.000000
0.002164,3.402000,3.377000,0.749000,0.749000,1358.700000,0.999000,2079514624.000000
0.002188,3.402000,3.377000,0.749000,0.749000,1358.700000,0.999000,2079514624.000000
0.002212,3.402000,3.377000,0.749000,0.749000,1358.700000,0.999000,2079514624.000000
0.002236,3.402000,3.377000,0.749000,0.749000,1358.700000,0.999000,2079514624.000000
0.002260,3.402000,3.377000,0.749000,0.749000,1358.700000,0.999000,2079514624.000000
0.002284,3.402000,3.377000,0.749000,0.749000,1358.700000,0.999000,2079514624.000000
0.002308,3.402000,3.377000,0.749000,0.749000,1358.700000,0.999000,2079514624.000000
0.002332,3.402000,3.377000,0.749000,0.749000,1358.700000,0.999000,2079514624.000000
0.002356,3.402000,3.377000,0.749000,0.749000,1358.700000,0.999000,2079514624.000000
0.002380,3.402000,3.377000,0.749000,0.749000,1358.700000,0.999000,2079514624.000000
0.002404,3.407000,3.377000,0.749000,0.749000,1358.700000,0.999000,2079514624.000000
0.002428,3.402000,3.377000,0.749000,0.749000,1358.700000,0.999000,2079514624.000000
0.002448,3.402000,3.377000,0.749000,0.749000,1358.700000,0.999000,2079514624.000000
0.002476,3.402000,3.377000,0.749000,0.749000,1358.700000,0.999000,2079514624.000000
0.002496,3.402000,3.377000,0.749000,0.749000,1358.700000,0.999000,2079514624.000000
0.002520,3.402000,3.377000,0.749000,0.749000,1358.700000,0.999000,2079514624.000000
0.002544,3.402000,3.377000,0.749000,0.749000,1358.700000,0.999000,2079514624.000000
0.002568,3.402000,3.377000,0.749000,0.749000,1358.700000,0.999000,2079514624.000000
0.002592,3.407000,3.377000,0.749000,0.749000,1358.700000,0.999000,2079514624.000000
0.002616,3.402000,3.377000,0.749000,0.749000,1358.700000,0.999000,2079514624.000000
0.002640,3.402000,3.377000,0.749000,0.749000,1358.700000,0.999000,2079514624.000000
0.002664,3.407000,3.377000,0.749000,0.749000,1358.700000,0.999000,2079514624.000000
0.002688,3.402000,3.377000,0.749000,0.749000,1358.700000,0.999000,2079514624.000000
0.002716,3.402000,3.377000,0.749000,0.749000,1358.700000,0.999000,2079514624.000000
0.002736,3.402000,3.377000,0.749000,0.749000,1358.700000,0.999000,2079514624.000000
0.002760,3.402000,3.377000,0.749000,0.749000,1358.700000,0.999000,2079514624.000000
0.002784,3.402000,3.377000,0.749000,0.749000,1358.700000,0.999000,2079514624.000000
0.002808,3.402000,3.377000,0.749000,0.749000,1358.700000,0.999000,2079514624.000000
0.002832,3.402000,3.377000,0.749000,0.749000,1358.700000,0.999000,2079514624.000000
0.002856,3.402000,3.377000,0.749000,0.749000,1358.700000,0.999000,2079514624.000000
0.002880,3.402000,3.377000,0.749000,0.749000,1358.700000,0.999000,2079514624.000000
0.002904,3.402000,3.377000,0.749000,0.749000,1358.700000,0.999000,2079514624.000000
0.002928,3.407000,3.377000,0.749000,0.749000,1358.700000,0.999000,2079514624.000000
0.002952,3.402000,3.377000,0.749000,0.749000,1358.700000,0.999000,2079514624.000000
0.002976,3.402000,3.377000,0.749000,0.749000,1358.700000,0.999000,2079514624.000000
0.003000,3.402000,3.377000,0.749000,0.749000,1358.700000,0.999000,2079514624.000000
0.003020,3.402000,3.377000,0.749000,0.749000,1358.700000,0.999000,2079514624.000000
0.003048,3.402000,3.377000,0.749000,0.749000,1358.700000,0.999000,2079514624.000000
0.003068,3.402000,3.377000,0.749000,0.749000,1358.700000,0.999000,2079514624.000000
0.003092,3.402000,3.377000,0.749000,0.749000,1358.700000,0.999000,2079514624.000000
