Channel 1,Channel 2,Channel 3,Channel 4,Channel 5,Channel 6,Channel 7,Channel 8
0.000036,3.407000,3.030000,0.166000,0.751000,0.000000,4.536000,33799.900000
0.000072,3.402000,3.245000,0.166000,0.751000,0.000000,4.536000,33799.900000
0.000108,3.407000,3.328000,0.166000,0.751000,0.000000,4.536000,33799.900000
0.000148,3.407000,3.363000,0.166000,0.751000,0.000000,4.536000,33799.900000
0.000184,3.407000,3.377000,0.166000,0.751000,0.000000,4.536000,33799.900000
0.000220,3.407000,3.377000,0.166000,0.751000,0.000000,4.536000,33799.900000
0.000256,3.407000,3.377000,0.166000,0.751000,0.000000,4.536000,33799.900000
0.000292,3.407000,3.377000,0.166000,0.751000,0.000000,4.536000,33799.900000
0.000328,3.407000,3.377000,0.166000,0.751000,0.000000,4.536000,33799.900000
0.000368,3.407000,3.377000,0.166000,0.751000,0.000000,4.536000,33799.900000
0.000404,3.402000,3.377000,0.166000,0.751000,0.000000,4.536000,33799.900000
0.000440,3.402000,3.377000,0.166000,0.751000,0.000000,4.536000,33799.900000
0.000476,3.402000,3.377000,0.166000,0.751000,0.000000,4.536000,33799.900000
0.000512,3.402000,3.377000,0.166000,0.751000,0.000000,4.536000,33799.900000
0.000548,3.402000,3.377000,0.166000,0.751000,0.000000,4.536000,33799.900000
0.000588,3.402000,3.377000,0.166000,0.751000,0.000000,4.536000,33799.900000
0.000624,3.402000,3.377000,0.166000,0.751000,0.000000,4.536000,33799.900000
0.000660,3.402000,3.377000,0.166000,0.751000,0.000000,4.536000,33799.900000
0.000696,3.402000,3.377000,0.166000,0.751000,0.000000,4.536000,33799.900000
0.000732,3.402000,3.377000,0.166000,0.751000,0.000000,4.536000,33799.900000
0.000768,3.402000,3.377000,0.166000,0.751000,0.000000,4.536000,33799.900000
0.000808,3.402000,3.377000,0.166000,0.751000,0.000000,4.536000,33799.900000
0.000844,3.402000,3.377000,0.166000,0.751000,0.000000,4.536000,33799.900000
0.000884,3.402000,3.377000,0.166000,0.751000,0.000000,4.536000,33799.900000
0.000920,3.402000,3.377000,0.166000,0.751000,0.000000,4.536000,33799.900000
0.000956,3.402000,3.377000,0.166000,0.751000,0.000000,4.536000,33799.900000
0.000996,3.402000,3.377000,0.166000,0.751000,0.000000,4.536000,33799.900000
0.001032,3.402000,3.377000,0.166000,0.751000,0.000000,4.536000,33799.900000
0.001068,3.402000,3.377000,0.166000,0.751000,0.000000,4.536000,33799.900000
0.001104,3.407000,3.377000,0.166000,0.751000,0.000000,4.536000,33799.900000
0.001140,3.407000,3.377000,0.166000,0.751000,0.000000,4.536000,33799.900000
0.001176,3.407000,3.377000,0.166000,0.751000,0.000000,4.536000,33799.900000
0.001216,3.407000,3.377000,0.166000,0.751000,0.000000,4.536000,33799.900000
0.001252,3.407000,3.377000,0.166000,0.751000,0.000000,4.536000,33799.900000
0.001288,3.407000,3.377000,0.166000,0.751000,0.000000,4.536000,33799.900000
0.001324,3.407000,3.377000,0.166000,0.751000,0.000000,4.536000,33799.900000
0.001360,3.407000,3.377000,0.166000,0.751000,0.000000,4.536000,33799.900000
0.001396,3.407000,3.382000,0.166000,0.751000,0.000000,4.536000,33799.900000
0.001436,3.407000,3.382000,0.166000,0.751000,0.000000,4.536000,33799.900000
0.001472,3.407000,3.382000,0.166000,0.751000,0.000000,4.536000,33799.900000
0.001508,3.407000,3.382000,0.166000,0.751000,0.000000,4.536000,33799.900000
0.001544,3.407000,3.382000,0.166000,0.751000,0.000000,4.536000,33799.900000
0.001580,3.407000,3.382000,0.166000,0.751000,0.000000,4.536000,33799.900000
0.001616,3.407000,3.382000,0.166000,0.751000,0.000000,4.536000,33799.900000
0.001656,3.407000,3.382000,0.166000,0.751000,0.000000,4.536000,33799.900000
0.001692,3.407000,3.382000,0.166000,0.751000,0.000000,4.536000,33799.900000
0.001728,3.407000,3.382000,0.166000,0.751000,0.000000,4.536000,33799.900000
0.001764,3.407000,3.382000,0.166000,0.751000,0.000000,4.536000,33799.900000
0.001800,3.407000,3.382000,0.166000,0.751000,0.000000,4.536000,33799.900000
0.001836,3.407000,3.382000,0.166000,0.751000,0.000000,4.536000,33799.900000
0.001876,3.407000,3.382000,0.166000,0.751000,0.000000,4.536000,33799.900000
0.001912,3.407000,3.382000,0.166000,0.751000,0.000000,4.536000,33799.900000
0.001948,3.407000,3.382000,0.166000,0.751000,0.000000,4.536000,33799.900000
0.001984,3.407000,3.382000,0.166000,0.751000,0.000000,4.536000,33799.900000
0.002020,3.407000,3.382000,0.166000,0.751000,0.000000,4.536000,33799.900000
0.002056,3.407000,3.382000,0.166000,0.751000,0.000000,4.536000,33799.900000
0.002092,3.407000,3.382000,0.166000,0.751000,0.000000,4.536000,33799.900000
0.002132,3.407000,3.382000,0.166000,0.751000,0.000000,4.536000,33799.900000
0.002168,3.407000,3.382000,0.166000,0.751000,0.000000,4.536000,33799.900000
0.002204,3.407000,3.382000,0.166000,0.751000,0.000000,4.536000,33799.900000
0.002240,3.407000,3.382000,0.166000,0.751000,0.000000,4.536000,33799.900000
0.002276,3.407000,3.382000,0.166000,0.751000,0.000000,4.536000,33799.900000
0.002312,3.407000,3.382000,0.166000,0.751000,0.000000,4.536000,33799.900000
0.002352,3.407000,3.382000,0.166000,0.751000,0.000000,4.536000,33799.900000
0.002388,3.407000,3.382000,0.166000,0.751000,0.000000,4.536000,33799.900000
0.002424,3.407000,3.382000,0.166000,0.751000,0.000000,4.536000,33799.900000
0.002460,3.407000,3.382000,0.166000,0.751000,0.000000,4.536000,33799.900000
0.002496,3.407000,3.382000,0.166000,0.751000,0.000000,4.536000,33799.900000
0.002532,3.407000,3.382000,0.166000,0.751000,0.000000,4.536000,33799.900000
0.002572,3.407000,3.382000,0.166000,0.751000,0.000000,4.536000,33799.900000
0.002608,3.407000,3.382000,0.166000,0.751000,0.000000,4.536000,33799.900000
0.002644,3.407000,3.382000,0.166000,0.751000,0.000000,4.536000,33799.900000
0.002680,3.407000,3.382000,0.166000,0.751000,0.000000,4.536000,33799.900000
0.002716,3.407000,3.382000,0.166000,0.751000,0.000000,4.536000,33799.900000
0.002752,3.407000,3.382000,0.166000,0.751000,0.000000,4.536000,33799.900000
0.002792,3.407000,3.382000,0.166000,0.751000,0.000000,4.536000,33799.900000
0.002828,3.407000,3.382000,0.166000,0.751000,0.000000,4.536000,33799.900000
0.002864,3.407000,3.382000,0.166000,0.751000,0.000000,4.536000,33799.900000
0.002900,3.407000,3.377000,0.166000,0.751000,0.000000,4.536000,33799.900000
0.002940,3.407000,3.377000,0.166000,0.751000,0.000000,4.536000,33799.900000
0.002976,3.407000,3.377000,0.166000,0.751000,0.000000,4.536000,33799.900000
0.003012,3.407000,3.382000,0.166000,0.751000,0.000000,4.536000,33799.900000
0.003048,3.407000,3.382000,0.166000,0.751000,0.000000,4.536000,33799.900000
0.003084,3.407000,3.382000,0.166000,0.751000,0.000000,4.536000,33799.900000
0.003120,3.407000,3.382000,0.166000,0.751000,0.000000,4.536000,33799.900000
0.003160,3.407000,3.377000,0.166000,0.751000,0.000000,4.536000,33799.900000
0.003196,3.407000,3.377000,0.166000,0.751000,0.000000,4.536000,33799.900000
0.003232,3.407000,3.377000,0.166000,0.751000,0.000000,4.536000,33799.900000
0.003268,3.407000,3.377000,0.166000,0.751000,0.000000,4.536000,33799.900000
0.003304,3.407000,3.382000,0.166000,0.751000,0.000000,4.536000,33799.900000
0.003340,3.407000,3.382000,0.166000,0.751000,0.000000,4.536000,33799.900000
0.003380,3.407000,3.382000,0.166000,0.751000,0.000000,4.536000,33799.900000
0.003416,3.407000,3.382000,0.166000,0.751000,0.000000,4.536000,33799.900000
0.003452,3.407000,3.382000,0.166000,0.751000,0.000000,4.536000,33799.900000
0.003488,3.407000,3.382000,0.166000,0.751000,0.000000,4.536000,33799.900000
0.003524,3.407000,3.382000,0.166000,0.751000,0.000000,4.536000,33799.900000
0.003560,3.407000,3.382000,0.166000,0.751000,0.000000,4.536000,33799.900000
0.003600,3.407000,3.382000,0.166000,0.751000,0.000000,4.536000,33799.900000
0.003636,3.407000,3.382000,0.166000,0.751000,0.000000,4.536000,33799.900000
0.003672,3.407000,3.382000,0.166000,0.751000,0.000000,4.536000,33799.900000
0.003708,3.407000,3.382000,0.166000,0.751000,0.000000,4.536000,33799.900000
0.003744,3.407000,3.382000,0.166000,0.751000,0.000000,4.536000,33799.900000
0.003780,3.407000,3.382000,0.166000,0.751000,0.000000,4.536000,33799.900000
0.003820,3.407000,3.382000,0.166000,0.751000,0.000000,4.536000,33799.900000
0.003856,3.407000,3.382000,0.166000,0.751000,0.000000,4.536000,33799.900000
0.003892,3.412000,3.382000,0.166000,0.751000,0.000000,4.536000,33799.900000
0.003928,3.407000,3.382000,0.166000,0.751000,0.000000,4.536000,33799.900000
0.003972,3.412000,3.382000,0.166000,0.751000,0.000000,4.536000,33799.900000
0.004008,3.412000,3.382000,0.166000,0.751000,0.000000,4.536000,33799.900000
0.004044,3.412000,3.387000,0.166000,0.751000,0.000000,4.536000,33799.900000
0.004080,3.416000,3.387000,0.166000,0.751000,0.000000,4.536000,33799.900000
0.004116,3.416000,3.392000,0.166000,0.751000,0.000000,4.536000,33799.900000
0.004156,3.416000,3.392000,0.166000,0.751000,0.000000,4.536000,33799.900000
0.004192,3.421000,3.392000,0.166000,0.751000,0.000000,4.536000,33799.900000
0.004228,3.416000,3.392000,0.166000,0.751000,0.000000,4.536000,33799.900000
0.004264,3.416000,3.392000,0.166000,0.751000,0.000000,4.536000,33799.900000
0.004300,3.416000,3.392000,0.166000,0.751000,0.000000,4.536000,33799.900000
0.004336,3.416000,3.392000,0.166000,0.751000,0.000000,4.536000,33799.900000
0.004376,3.416000,3.392000,0.166000,0.751000,0.000000,4.536000,33799.900000
0.004412,3.416000,3.387000,0.166000,0.751000,0.000000,4.536000,33799.900000
0.004448,3.412000,3.382000,0.166000,0.751000,0.000000,4.536000,33799.900000
0.004484,3.407000,3.382000,0.166000,0.751000,0.000000,4.536000,33799.900000
0.004520,3.407000,3.382000,0.166000,0.751000,0.000000,4.536000,33799.900000
0.004556,3.407000,3.382000,0.166000,0.751000,0.000000,4.536000,33799.900000
0.004596,3.407000,3.382000,0.166000,0.751000,0.000000,4.536000,33799.900000
0.004632,3.407000,3.382000,0.166000,0.751000,0.000000,4.536000,33799.900000
0.004668,3.412000,3.382000,0.166000,0.751000,0.000000,4.536000,33799.900000
0.004704,3.407000,3.382000,0.166000,0.751000,0.000000,4.536000,33799.900000
0.004740,3.407000,3.382000,0.166000,0.751000,0.000000,4.536000,33799.900000
0.004776,3.412000,3.382000,0.166000,0.751000,0.000000,4.536000,33799.900000