0.000016,3.754000,3.754000,0.953000,0.830000,0.000000,0.871000,30719.800000
0.000028,3.754000,3.754000,0.953000,0.830000,0.000000,0.871000,30719.800000
0.000040,3.754000,3.754000,0.953000,0.830000,0.000000,0.871000,30719.800000
0.000056,3.754000,3.754000,0.953000,0.830000,0.000000,0.871000,30719.800000
0.000068,3.754000,3.754000,0.953000,0.830000,0.000000,0.871000,30719.800000
0.000080,3.754000,3.754000,0.953000,0.830000,0.000000,0.871000,30719.800000
0.000096,3.754000,3.754000,0.953000,0.830000,0.000000,0.871000,30719.800000
0.000108,3.754000,3.754000,0.953000,0.830000,0.000000,0.871000,30719.800000
0.000120,3.754000,3.754000,0.953000,0.830000,0.000000,0.871000,30719.800000
0.000136,3.754000,3.754000,0.953000,0.830000,0.000000,0.871000,30719.800000
0.000148,3.754000,3.754000,0.953000,0.830000,0.000000,0.871000,30719.800000
0.000164,3.754000,3.754000,0.953000,0.830000,0.000000,0.871000,30719.800000
0.000176,3.754000,3.754000,0.953000,0.830000,0.000000,0.871000,30719.800000
0.000188,3.754000,3.754000,0.953000,0.830000,0.000000,0.871000,30719.800000
0.000204,3.754000,3.754000,0.953000,0.830000,0.000000,0.871000,30719.800000
0.000216,3.754000,3.754000,0.953000,0.830000,0.000000,0.871000,30719.800000
0.000228,3.754000,3.754000,0.953000,0.830000,0.000000,0.871000,30719.800000
0.000244,3.754000,3.754000,0.953000,0.830000,0.000000,0.871000,30719.800000
0.000256,3.754000,3.754000,0.953000,0.830000,0.000000,0.871000,30719.800000
0.000268,3.754000,3.754000,0.953000,0.830000,0.000000,0.871000,30719.800000
0.000284,3.754000,3.754000,0.953000,0.830000,0.000000,0.871000,30719.800000
0.000296,3.754000,3.754000,0.953000,0.830000,0.000000,0.871000,30719.800000
0.000312,3.754000,3.754000,0.953000,0.830000,0.000000,0.871000,30719.800000
0.000324,3.754000,3.754000,0.953000,0.830000,0.000000,0.871000,30719.800000
0.000336,3.754000,3.754000,0.953000,0.830000,0.000000,0.871000,30719.800000
0.000352,3.754000,3.754000,0.953000,0.830000,0.000000,0.871000,30719.800000
0.000372,3.754000,3.754000,0.953000,0.830000,0.000000,0.871000,30719.800000
0.000384,3.754000,3.754000,0.953000,0.830000,0.000000,0.871000,30719.800000
0.000396,3.773000,3.754000,0.953000,0.830000,0.000000,0.871000,30719.800000
0.000412,3.754000,3.754000,0.953000,0.830000,0.000000,0.871000,30719.800000
0.000424,3.754000,3.754000,0.953000,0.830000,0.000000,0.871000,30719.800000
0.000436,3.754000,3.754000,0.953000,0.830000,0.000000,0.871000,30719.800000
0.000452,3.754000,3.754000,0.953000,0.830000,0.000000,0.871000,30719.800000
0.000464,3.754000,3.754000,0.953000,0.830000,0.000000,0.871000,30719.800000
0.000476,3.754000,3.754000,0.953000,0.830000,0.000000,0.871000,30719.800000
0.000492,3.754000,3.754000,0.953000,0.830000,0.000000,0.871000,30719.800000
0.000504,3.754000,3.754000,0.953000,0.830000,0.000000,0.871000,30719.800000
0.000520,3.754000,3.754000,0.953000,0.830000,0.000000,0.871000,30719.800000
0.000532,3.754000,3.754000,0.953000,0.830000,0.000000,0.871000,30719.800000
0.000544,3.754000,3.754000,0.953000,0.830000,0.000000,0.871000,30719.800000
0.000560,3.754000,3.754000,0.953000,0.830000,0.000000,0.871000,30719.800000
0.000572,3.754000,3.754000,0.953000,0.830000,0.000000,0.871000,30719.800000
0.000584,3.754000,3.754000,0.953000,0.830000,0.000000,0.871000,30719.800000
0.000600,3.754000,3.754000,0.953000,0.830000,0.000000,0.871000,30719.800000
0.000612,3.754000,3.754000,0.953000,0.830000,0.000000,0.871000,30719.800000
0.000624,3.754000,3.754000,0.953000,0.830000,0.000000,0.871000,30719.800000
0.000640,3.754000,3.754000,0.953000,0.830000,0.000000,0.871000,30719.800000
0.000652,3.754000,3.754000,0.953000,0.830000,0.000000,0.871000,30719.800000
0.000664,3.754000,3.754000,0.953000,0.830000,0.000000,0.871000,30719.800000
0.000680,3.754000,3.754000,0.953000,0.830000,0.000000,0.871000,30719.800000
0.000692,3.754000,3.754000,0.953000,0.830000,0.000000,0.871000,30719.800000
0.000708,3.754000,3.754000,0.953000,0.830000,0.000000,0.871000,30719.800000
0.000720,3.754000,3.754000,0.953000,0.830000,0.000000,0.871000,30719.800000
0.000732,3.754000,3.754000,0.953000,0.830000,0.000000,0.871000,30719.800000
0.000748,3.754000,3.754000,0.953000,0.830000,0.000000,0.871000,30719.800000
0.000760,3.754000,3.754000,0.953000,0.830000,0.000000,0.871000,30719.800000
0.000772,3.754000,3.754000,0.953000,0.830000,0.000000,0.871000,30719.800000
0.000788,3.754000,3.754000,0.953000,0.830000,0.000000,0.871000,30719.800000
0.000800,3.754000,3.754000,0.953000,0.830000,0.000000,0.871000,30719.800000
0.000812,3.754000,3.754000,0.953000,0.830000,0.000000,0.871000,30719.800000
0.000828,3.754000,3.754000,0.953000,0.830000,0.000000,0.871000,30719.800000
0.000840,3.754000,3.754000,0.953000,0.830000,0.000000,0.871000,30719.800000
0.000852,3.754000,3.754000,0.953000,0.830000,0.000000,0.871000,30719.800000
0.000868,3.754000,3.754000,0.953000,0.830000,0.000000,0.871000,30719.800000
0.000880,3.754000,3.754000,0.953000,0.830000,0.000000,0.871000,30719.800000
0.000896,3.754000,3.754000,0.953000,0.830000,0.000000,0.871000,30719.800000
0.000908,3.754000,3.754000,0.953000,0.830000,0.000000,0.871000,30719.800000
0.000920,3.754000,3.754000,0.953000,0.830000,0.000000,0.871000,30719.800000
0.000936,3.754000,3.754000,0.953000,0.830000,0.000000,0.871000,30719.800000
0.000948,3.754000,3.754000,0.953000,0.830000,0.000000,0.871000,30719.800000
0.000960,3.754000,3.754000,0.953000,0.830000,0.000000,0.871000,30719.800000
0.000976,3.754000,3.754000,0.953000,0.830000,0.000000,0.871000,30719.800000
0.000988,3.754000,3.754000,0.953000,0.830000,0.000000,0.871000,30719.800000
0.001000,3.754000,3.754000,0.953000,0.830000,0.000000,0.871000,30719.800000
0.001016,3.754000,3.754000,0.953000,0.830000,0.000000,0.871000,30719.800000
0.001028,3.754000,3.754000,0.953000,0.830000,0.000000,0.871000,30719.800000
0.001044,3.754000,3.754000,0.953000,0.830000,0.000000,0.871000,30719.800000
0.001056,3.754000,3.754000,0.953000,0.830000,0.000000,0.871000,30719.800000
0.001068,3.754000,3.754000,0.953000,0.830000,0.000000,0.871000,30719.800000
0.001084,3.754000,3.754000,0.953000,0.830000,0.000000,0.871000,30719.800000
0.001096,3.754000,3.754000,0.953000,0.830000,0.000000,0.871000,30719.800000
0.001108,3.754000,3.754000,0.953000,0.830000,0.000000,0.871000,30719.800000
0.001124,3.754000,3.754000,0.953000,0.830000,0.000000,0.871000,30719.800000
0.001136,3.754000,3.754000,0.953000,0.830000,0.000000,0.871000,30719.800000
0.001148,3.754000,3.754000,0.953000,0.830000,0.000000,0.871000,30719.800000
0.001164,3.754000,3.754000,0.953000,0.830000,0.000000,0.871000,30719.800000
0.001176,3.754000,3.754000,0.953000,0.830000,0.000000,0.871000,30719.800000
0.001188,3.754000,3.754000,0.953000,0.830000,0.000000,0.871000,30719.800000
0.001204,3.754000,3.754000,0.953000,0.830000,0.000000,0.871000,30719.800000
0.001216,3.754000,3.754000,0.953000,0.830000,0.000000,0.871000,30719.800000
0.001232,3.754000,3.754000,0.953000,0.830000,0.000000,0.871000,30719.800000
0.001244,3.754000,3.754000,0.953000,0.830000,0.000000,0.871000,30719.800000
0.001256,3.754000,3.754000,0.953000,0.830000,0.000000,0.871000,30719.800000
0.001272,3.754000,3.754000,0.953000,0.830000,0.000000,0.871000,30719.800000
0.001284,3.754000,3.754000,0.953000,0.830000,0.000000,0.871000,30719.800000
0.001296,3.754000,3.754000,0.953000,0.830000,0.000000,0.871000,30719.800000
0.001312,3.754000,3.773000,0.953000,0.830000,0.000000,0.871000,30719.800000
0.001324,3.754000,3.754000,0.953000,0.830000,0.000000,0.871000,30719.800000
0.001336,3.754000,3.773000,0.953000,0.830000,0.000000,0.871000,30719.800000
0.001352,3.754000,3.754000,0.953000,0.830000,0.000000,0.871000,30719.800000
0.001364,3.754000,3.754000,0.953000,0.830000,0.000000,0.871000,30719.800000
0.001384,3.754000,3.754000,0.953000,0.830000,0.000000,0.871000,30719.800000
0.001396,3.754000,3.754000,0.953000,0.830000,0.000000,0.871000,30719.800000
0.001408,3.754000,3.754000,0.953000,0.830000,0.000000,0.871000,30719.800000
0.001424,3.754000,3.754000,0.953000,0.830000,0.000000,0.871000,30719.800000
0.001436,3.754000,3.754000,0.953000,0.830000,0.000000,0.871000,30719.800000
0.001448,3.754000,3.754000,0.953000,0.830000,0.000000,0.871000,30719.800000
0.001464,3.754000,3.754000,0.953000,0.830000,0.000000,0.871000,30719.800000
0.001476,3.754000,3.754000,0.953000,0.830000,0.000000,0.871000,30719.800000
0.001488,3.754000,3.754000,0.953000,0.830000,0.000000,0.871000,30719.800000
0.001504,3.754000,3.754000,0.953000,0.830000,0.000000,0.871000,30719.800000
0.001516,3.754000,3.754000,0.953000,0.830000,0.000000,0.871000,30719.800000
0.001532,3.754000,3.754000,0.953000,0.830000,0.000000,0.871000,30719.800000
0.001544,3.754000,3.754000,0.953000,0.830000,0.000000,0.871000,30719.800000
0.001556,3.754000,3.754000,0.953000,0.830000,0.000000,0.871000,30719.800000
0.001572,3.754000,3.754000,0.953000,0.830000,0.000000,0.871000,30719.800000
0.001584,3.754000,3.754000,0.953000,0.830000,0.000000,0.871000,30719.800000
0.001596,3.754000,3.754000,0.953000,0.830000,0.000000,0.871000,30719.800000
0.001612,3.754000,3.773000,0.953000,0.830000,0.000000,0.871000,30719.800000
0.001624,3.754000,3.754000,0.953000,0.830000,0.000000,0.871000,30719.800000
0.001636,3.754000,3.754000,0.953000,0.830000,0.000000,0.871000,30719.800000
0.001652,3.754000,3.754000,0.953000,0.830000,0.000000,0.871000,30719.800000
0.001664,3.754000,3.754000,0.953000,0.830000,0.000000,0.871000,30719.800000
0.001676,3.754000,3.754000,0.953000,0.830000,0.000000,0.871000,30719.800000
0.001692,3.754000,3.773000,0.953000,0.830000,0.000000,0.871000,30719.800000
0.001704,3.754000,3.754000,0.953000,0.830000,0.000000,0.871000,30719.800000
0.001720,3.754000,3.754000,0.953000,0.830000,0.000000,0.871000,30719.800000
0.001732,3.754000,3.754000,0.953000,0.830000,0.000000,0.871000,30719.800000
0.001744,3.754000,3.754000,0.953000,0.830000,0.000000,0.871000,30719.800000
0.001760,3.754000,3.754000,0.953000,0.830000,0.000000,0.871000,30719.800000
