Channel 1,Channel 2,Channel 3,Channel 4,Channel 5,Channel 6,Channel 7,Channel 8
0.000016,3.402000,3.050000,0.916000,0.753000,0.000000,0.822000,33897.500000
0.000032,3.402000,3.265000,0.916000,0.753000,0.000000,0.822000,33897.500000
0.000048,3.441000,3.319000,0.916000,0.753000,0.000000,0.822000,33897.500000
0.000068,3.441000,3.363000,0.916000,0.753000,0.000000,0.822000,33897.500000
0.000084,3.441000,3.402000,0.916000,0.753000,0.000000,0.822000,33897.500000
0.000100,3.441000,3.402000,0.916000,0.753000,0.000000,0.822000,33897.500000
0.000116,3.441000,3.402000,0.916000,0.753000,0.000000,0.822000,33897.500000
0.000132,3.441000,3.402000,0.916000,0.753000,0.000000,0.822000,33897.500000
0.000148,3.441000,3.402000,0.916000,0.753000,0.000000,0.822000,33897.500000
0.000168,3.441000,3.402000,0.916000,0.753000,0.000000,0.822000,33897.500000
0.000184,3.441000,3.402000,0.916000,0.753000,0.000000,0.822000,33897.500000
0.000200,3.441000,3.402000,0.916000,0.753000,0.000000,0.822000,33897.500000
0.000216,3.441000,3.402000,0.916000,0.753000,0.000000,0.822000,33897.500000
0.000232,3.441000,3.402000,0.916000,0.753000,0.000000,0.822000,33897.500000
0.000248,3.441000,3.402000,0.916000,0.753000,0.000000,0.822000,33897.500000
0.000268,3.441000,3.402000,0.916000,0.753000,0.000000,0.822000,33897.500000
0.000284,3.441000,3.402000,0.916000,0.753000,0.000000,0.822000,33897.500000
0.000300,3.441000,3.402000,0.916000,0.753000,0.000000,0.822000,33897.500000
0.000316,3.441000,3.402000,0.916000,0.753000,0.000000,0.822000,33897.500000
0.000332,3.441000,3.402000,0.916000,0.753000,0.000000,0.822000,33897.500000
0.000348,3.441000,3.402000,0.916000,0.753000,0.000000,0.822000,33897.500000
0.000368,3.441000,3.402000,0.916000,0.753000,0.000000,0.822000,33897.500000
0.000384,3.441000,3.402000,0.916000,0.753000,0.000000,0.822000,33897.500000
0.000400,3.441000,3.402000,0.916000,0.753000,0.000000,0.822000,33897.500000
0.000416,3.441000,3.402000,0.916000,0.753000,0.000000,0.822000,33897.500000
0.000432,3.441000,3.402000,0.916000,0.753000,0.000000,0.822000,33897.500000
0.000448,3.441000,3.402000,0.916000,0.753000,0.000000,0.822000,33897.500000
0.000468,3.441000,3.402000,0.916000,0.753000,0.000000,0.822000,33897.500000
0.000484,3.441000,3.402000,0.916000,0.753000,0.000000,0.822000,33897.500000
0.000500,3.441000,3.402000,0.916000,0.753000,0.000000,0.822000,33897.500000
0.000516,3.441000,3.402000,0.916000,0.753000,0.000000,0.822000,33897.500000
0.000532,3.441000,3.402000,0.916000,0.753000,0.000000,0.822000,33897.500000
0.000548,3.441000,3.402000,0.916000,0.753000,0.000000,0.822000,33897.500000
0.000568,3.441000,3.402000,0.916000,0.753000,0.000000,0.822000,33897.500000
0.000584,3.441000,3.402000,0.916000,0.753000,0.000000,0.822000,33897.500000
0.000600,3.441000,3.402000,0.916000,0.753000,0.000000,0.822000,33897.500000
0.000616,3.441000,3.402000,0.916000,0.753000,0.000000,0.822000,33897.500000
0.000632,3.441000,3.402000,0.916000,0.753000,0.000000,0.822000,33897.500000
0.000648,3.441000,3.402000,0.916000,0.753000,0.000000,0.822000,33897.500000
0.000668,3.441000,3.402000,0.916000,0.753000,0.000000,0.822000,33897.500000
0.000684,3.441000,3.402000,0.916000,0.753000,0.000000,0.822000,33897.500000
0.000700,3.441000,3.402000,0.916000,0.753000,0.000000,0.822000,33897.500000
0.000716,3.441000,3.402000,0.916000,0.753000,0.000000,0.822000,33897.500000
0.000732,3.441000,3.402000,0.916000,0.753000,0.000000,0.822000,33897.500000
0.000748,3.441000,3.402000,0.916000,0.753000,0.000000,0.822000,33897.500000
0.000768,3.441000,3.402000,0.916000,0.753000,0.000000,0.822000,33897.500000
0.000784,3.441000,3.402000,0.916000,0.753000,0.000000,0.822000,33897.500000
0.000800,3.441000,3.402000,0.916000,0.753000,0.000000,0.822000,33897.500000
0.000816,3.441000,3.402000,0.916000,0.753000,0.000000,0.822000,33897.500000
0.000840,3.441000,3.402000,0.916000,0.753000,0.000000,0.822000,33897.500000
0.000856,3.441000,3.402000,0.916000,0.753000,0.000000,0.822000,33897.500000
0.000872,3.441000,3.402000,0.916000,0.753000,0.000000,0.822000,33897.500000
0.000888,3.441000,3.402000,0.916000,0.753000,0.000000,0.822000,33897.500000
0.000908,3.441000,3.402000,0.916000,0.753000,0.000000,0.822000,33897.500000
0.000924,3.441000,3.402000,0.916000,0.753000,0.000000,0.822000,33897.500000
0.000940,3.441000,3.402000,0.916000,0.753000,0.000000,0.822000,33897.500000
0.000956,3.441000,3.402000,0.916000,0.753000,0.000000,0.822000,33897.500000
0.000972,3.441000,3.402000,0.916000,0.753000,0.000000,0.822000,33897.500000
0.000988,3.441000,3.402000,0.916000,0.753000,0.000000,0.822000,33897.500000
0.001008,3.441000,3.402000,0.916000,0.753000,0.000000,0.822000,33897.500000
0.001024,3.441000,3.402000,0.916000,0.753000,0.000000,0.822000,33897.500000
0.001040,3.441000,3.402000,0.916000,0.753000,0.000000,0.822000,33897.500000
0.001056,3.441000,3.402000,0.916000,0.753000,0.000000,0.822000,33897.500000
0.001072,3.441000,3.402000,0.916000,0.753000,0.000000,0.822000,33897.500000
0.001088,3.441000,3.402000,0.916000,0.753000,0.000000,0.822000,33897.500000
0.001108,3.441000,3.402000,0.916000,0.753000,0.000000,0.822000,33897.500000
0.001124,3.441000,3.402000,0.916000,0.753000,0.000000,0.822000,33897.500000
0.001140,3.441000,3.402000,0.916000,0.753000,0.000000,0.822000,33897.500000
0.001156,3.441000,3.402000,0.916000,0.753000,0.000000,0.822000,33897.500000
0.001172,3.441000,3.402000,0.916000,0.753000,0.000000,0.822000,33897.500000
0.001188,3.441000,3.402000,0.916000,0.753000,0.000000,0.822000,33897.500000
0.001208,3.441000,3.402000,0.916000,0.753000,0.000000,0.822000,33897.500000
0.001224,3.441000,3.402000,0.916000,0.753000,0.000000,0.822000,33897.500000
0.001240,3.441000,3.402000,0.916000,0.753000,0.000000,0.822000,33897.500000
0.001256,3.441000,3.402000,0.916000,0.753000,0.000000,0.822000,33897.500000
0.001272,3.441000,3.402000,0.916000,0.753000,0.000000,0.822000,33897.500000
0.001288,3.441000,3.402000,0.916000,0.753000,0.000000,0.822000,33897.500000
0.001308,3.441000,3.402000,0.916000,0.753000,0.000000,0.822000,33897.500000
0.001324,3.441000,3.402000,0.916000,0.753000,0.000000,0.822000,33897.500000
0.001340,3.441000,3.402000,0.916000,0.753000,0.000000,0.822000,33897.500000
0.001356,3.441000,3.402000,0.916000,0.753000,0.000000,0.822000,33897.500000
0.001372,3.441000,3.402000,0.916000,0.753000,0.000000,0.822000,33897.500000
0.001388,3.441000,3.402000,0.916000,0.753000,0.000000,0.822000,33897.500000
0.001408,3.441000,3.402000,0.916000,0.753000,0.000000,0.822000,33897.500000
0.001424,3.441000,3.402000,0.916000,0.753000,0.000000,0.822000,33897.500000
0.001440,3.441000,3.402000,0.916000,0.753000,0.000000,0.822000,33897.500000
0.001456,3.441000,3.402000,0.916000,0.753000,0.000000,0.822000,33897.500000
0.001472,3.441000,3.402000,0.916000,0.753000,0.000000,0.822000,33897.500000
0.001488,3.441000,3.402000,0.916000,0.753000,0.000000,0.822000,33897.500000
0.001508,3.441000,3.402000,0.916000,0.753000,0.000000,0.822000,33897.500000
0.001524,3.402000,3.402000,0.916000,0.753000,0.000000,0.822000,33897.500000
0.001540,3.441000,3.402000,0.916000,0.753000,0.000000,0.822000,33897.500000
0.001556,3.441000,3.402000,0.916000,0.753000,0.000000,0.822000,33897.500000
0.001572,3.402000,3.402000,0.916000,0.753000,0.000000,0.822000,33897.500000
0.001588,3.441000,3.402000,0.916000,0.753000,0.000000,0.822000,33897.500000
0.001608,3.441000,3.402000,0.916000,0.753000,0.000000,0.822000,33897.500000
0.001624,3.402000,3.402000,0.916000,0.753000,0.000000,0.822000,33897.500000
0.001640,3.441000,3.402000,0.916000,0.753000,0.000000,0.822000,33897.500000
0.001656,3.441000,3.402000,0.916000,0.753000,0.000000,0.822000,33897.500000
0.001672,3.402000,3.402000,0.916000,0.753000,0.000000,0.822000,33897.500000
0.001688,3.402000,3.402000,0.916000,0.753000,0.000000,0.822000,33897.500000
0.001708,3.402000,3.402000,0.916000,0.753000,0.000000,0.822000,33897.500000
0.001724,3.441000,3.402000,0.916000,0.753000,0.000000,0.822000,33897.500000
0.001740,3.402000,3.402000,0.916000,0.753000,0.000000,0.822000,33897.500000
0.001756,3.441000,3.402000,0.916000,0.753000,0.000000,0.822000,33897.500000
0.001772,3.441000,3.402000,0.916000,0.753000,0.000000,0.822000,33897.500000
0.001788,3.402000,3.402000,0.916000,0.753000,0.000000,0.822000,33897.500000
0.001808,3.441000,3.402000,0.916000,0.753000,0.000000,0.822000,33897.500000
0.001824,3.441000,3.402000,0.916000,0.753000,0.000000,0.822000,33897.500000
0.001840,3.441000,3.402000,0.916000,0.753000,0.000000,0.822000,33897.500000
0.001860,3.441000,3.402000,0.916000,0.753000,0.000000,0.822000,33897.500000
0.001880,3.441000,3.402000,0.916000,0.753000,0.000000,0.822000,33897.500000
0.001896,3.441000,3.402000,0.916000,0.753000,0.000000,0.822000,33897.500000
0.001912,3.441000,3.402000,0.916000,0.753000,0.000000,0.822000,33897.500000
0.001928,3.441000,3.402000,0.916000,0.753000,0.000000,0.822000,33897.500000
0.001944,3.441000,3.402000,0.916000,0.753000,0.000000,0.822000,33897.500000
0.001960,3.441000,3.402000,0.916000,0.753000,0.000000,0.822000,33897.500000
0.001980,3.441000,3.402000,0.916000,0.753000,0.000000,0.822000,33897.500000
0.001996,3.441000,3.402000,0.916000,0.753000,0.000000,0.822000,33897.500000
0.002012,3.441000,3.402000,0.916000,0.753000,0.000000,0.822000,33897.500000
0.002028,3.441000,3.402000,0.916000,0.753000,0.000000,0.822000,33897.500000
0.002044,3.441000,3.402000,0.916000,0.753000,0.000000,0.822000,33897.500000
0.002060,3.441000,3.402000,0.916000,0.753000,0.000000,0.822000,33897.500000
0.002080,3.441000,3.402000,0.916000,0.753000,0.000000,0.822000,33897.500000
0.002096,3.441000,3.402000,0.916000,0.753000,0.000000,0.822000,33897.500000
0.002112,3.441000,3.402000,0.916000,0.753000,0.000000,0.822000,33897.500000
0.002128,3.441000,3.402000,0.916000,0.753000,0.000000,0.822000,33897.500000
0.002144,3.441000,3.402000,0.916000,0.753000,0.000000,0.822000,33897.500000
0.002160,3.441000,3.402000,0.916000,0.753000,0.000000,0.822000,33897.500000
0.002180,3.441000,3.402000,0.916000,0.753000,0.000000,0.822000,33897.500000
0.000016,3.363000,3.006000,0.916000,0.753000,0.000000,0.822000,34241.900000
0.000032,3.402000,3.245000,0.916000,0.753000,0.000000,0.822000,34241.900000
0.000048,3.402000,3.319000,0.916000,0.753000,0.000000,0.822000,34241.900000
0.000064,3.402000,3.363000,0.916000,0.753000,0.000000,0.822000,34241.900000
0.000080,3.441000,3.368000,0.916000,0.753000,0.000000,0.822000,34241.900000
0.000100,3.402000,3.368000,0.916000,0.753000,0.000000,0.822000,34241.900000
0.000116,3.402000,3.402000,0.916000,0.753000,0.000000,0.822000,34241.900000
0.000132,3.402000,3.402000,0.916000,0.753000,0.000000,0.822000,34241.900000
0.000152,3.402000,3.402000,0.916000,0.753000,0.000000,0.822000,34241.900000
0.000168,3.402000,3.402000,0.916000,0.753000,0.000000,0.822000,34241.900000
0.000184,3.402000,3.402000,0.916000,0.753000,0.000000,0.822000,34241.900000
0.000204,3.402000,3.402000,0.916000,0.753000,0.000000,0.822000,34241.900000
0.000220,3.402000,3.402000,0.916000,0.753000,0.000000,0.822000,34241.900000
0.000236,3.402000,3.402000,0.916000,0.753000,0.000000,0.822000,34241.900000
0.000252,3.402000,3.402000,0.916000,0.753000,0.000000,0.822000,34241.900000
0.000268,3.402000,3.402000,0.916000,0.753000,0.000000,0.822000,34241.900000
0.000284,3.402000,3.402000,0.916000,0.753000,0.000000,0.822000,34241.900000
0.000304,3.402000,3.402000,0.916000,0.753000,0.000000,0.822000,34241.900000
0.000320,3.402000,3.402000,0.916000,0.753000,0.000000,0.822000,34241.900000
0.000336,3.402000,3.402000,0.916000,0.753000,0.000000,0.822000,34241.900000
0.000352,3.402000,3.402000,0.916000,0.753000,0.000000,0.822000,34241.900000
0.000368,3.402000,3.402000,0.916000,0.753000,0.000000,0.822000,34241.900000
0.000384,3.402000,3.402000,0.916000,0.753000,0.000000,0.822000,34241.900000
0.000404,3.402000,3.402000,0.916000,0.753000,0.000000,0.822000,34241.900000
0.000420,3.402000,3.402000,0.916000,0.753000,0.000000,0.822000,34241.900000
0.000436,3.402000,3.402000,0.916000,0.753000,0.000000,0.822000,34241.900000
0.000452,3.402000,3.402000,0.916000,0.753000,0.000000,0.822000,34241.900000
0.000468,3.402000,3.402000,0.916000,0.753000,0.000000,0.822000,34241.900000
0.000484,3.402000,3.402000,0.916000,0.753000,0.000000,0.822000,34241.900000
0.000504,3.402000,3.402000,0.916000,0.753000,0.000000,0.822000,34241.900000
0.000520,3.402000,3.402000,0.916000,0.753000,0.000000,0.822000,34241.900000
0.000536,3.402000,3.402000,0.916000,0.753000,0.000000,0.822000,34241.900000
0.000552,3.402000,3.402000,0.916000,0.753000,0.000000,0.822000,34241.900000
0.000568,3.402000,3.402000,0.916000,0.753000,0.000000,0.822000,34241.900000
0.000584,3.402000,3.402000,0.916000,0.753000,0.000000,0.822000,34241.900000
0.000604,3.402000,3.402000,0.916000,0.753000,0.000000,0.822000,34241.900000
0.000620,3.402000,3.402000,0.916000,0.753000,0.000000,0.822000,34241.900000
0.000636,3.402000,3.402000,0.916000,0.753000,0.000000,0.822000,34241.900000
0.000652,3.402000,3.402000,0.916000,0.753000,0.000000,0.822000,34241.900000
0.000668,3.402000,3.402000,0.916000,0.753000,0.000000,0.822000,34241.900000
0.000684,3.402000,3.402000,0.916000,0.753000,0.000000,0.822000,34241.900000
0.000704,3.402000,3.402000,0.916000,0.753000,0.000000,0.822000,34241.900000
0.000720,3.402000,3.402000,0.916000,0.753000,0.000000,0.822000,34241.900000
0.000736,3.402000,3.402000,0.916000,0.753000,0.000000,0.822000,34241.900000
0.000752,3.402000,3.402000,0.916000,0.753000,0.000000,0.822000,34241.900000
0.000768,3.402000,3.402000,0.916000,0.753000,0.000000,0.822000,34241.900000
0.000784,3.402000,3.402000,0.916000,0.753000,0.000000,0.822000,34241.900000
0.000804,3.402000,3.402000,0.916000,0.753000,0.000000,0.822000,34241.900000
0.000820,3.402000,3.402000,0.916000,0.753000,0.000000,0.822000,34241.900000
0.000836,3.402000,3.402000,0.916000,0.753000,0.000000,0.822000,34241.900000
0.000852,3.402000,3.402000,0.916000,0.753000,0.000000,0.822000,34241.900000
0.000868,3.402000,3.402000,0.916000,0.753000,0.000000,0.822000,34241.900000
0.000884,3.402000,3.402000,0.916000,0.753000,0.000000,0.822000,34241.900000
0.000904,3.402000,3.402000,0.916000,0.753000,0.000000,0.822000,34241.900000
0.000920,3.402000,3.402000,0.916000,0.753000,0.000000,0.822000,34241.900000
0.000936,3.402000,3.402000,0.916000,0.753000,0.000000,0.822000,34241.900000
0.000952,3.402000,3.402000,0.916000,0.753000,0.000000,0.822000,34241.900000
0.000968,3.402000,3.402000,0.916000,0.753000,0.000000,0.822000,34241.900000
0.000984,3.402000,3.402000,0.916000,0.753000,0.000000,0.822000,34241.900000
0.001004,3.402000,3.402000,0.916000,0.753000,0.000000,0.822000,34241.900000
0.001020,3.402000,3.402000,0.916000,0.753000,0.000000,0.822000,34241.900000
0.001036,3.402000,3.402000,0.916000,0.753000,0.000000,0.822000,34241.900000
0.001052,3.402000,3.402000,0.916000,0.753000,0.000000,0.822000,34241.900000
0.001068,3.402000,3.402000,0.916000,0.753000,0.000000,0.822000,34241.900000
0.001084,3.402000,3.402000,0.916000,0.753000,0.000000,0.822000,34241.900000
0.001104,3.402000,3.402000,0.916000,0.753000,0.000000,0.822000,34241.900000
0.001120,3.402000,3.402000,0.916000,0.753000,0.000000,0.822000,34241.900000
0.001136,3.402000,3.402000,0.916000,0.753000,0.000000,0.822000,34241.900000
0.001152,3.402000,3.402000,0.916000,0.753000,0.000000,0.822000,34241.900000
0.001176,3.402000,3.402000,0.916000,0.753000,0.000000,0.822000,34241.900000
0.001192,3.402000,3.402000,0.916000,0.753000,0.000000,0.822000,34241.900000
0.001208,3.402000,3.402000,0.916000,0.753000,0.000000,0.822000,34241.900000
0.001224,3.402000,3.402000,0.916000,0.753000,0.000000,0.822000,34241.900000
0.001240,3.402000,3.402000,0.916000,0.753000,0.000000,0.822000,34241.900000
0.001260,3.402000,3.402000,0.916000,0.753000,0.000000,0.822000,34241.900000
0.001276,3.402000,3.402000,0.916000,0.753000,0.000000,0.822000,34241.900000
0.001292,3.402000,3.402000,0.916000,0.753000,0.000000,0.822000,34241.900000
0.001308,3.402000,3.402000,0.916000,0.753000,0.000000,0.822000,34241.900000
0.001324,3.402000,3.402000,0.916000,0.753000,0.000000,0.822000,34241.900000
0.001340,3.402000,3.402000,0.916000,0.753000,0.000000,0.822000,34241.900000
0.001360,3.402000,3.402000,0.916000,0.753000,0.000000,0.822000,34241.900000
0.001376,3.402000,3.402000,0.916000,0.753000,0.000000,0.822000,34241.900000
0.001392,3.402000,3.402000,0.916000,0.753000,0.000000,0.822000,34241.900000
0.001408,3.402000,3.402000,0.916000,0.753000,0.000000,0.822000,34241.900000
0.001424,3.402000,3.402000,0.916000,0.753000,0.000000,0.822000,34241.900000
0.001440,3.402000,3.402000,0.916000,0.753000,0.000000,0.822000,34241.900000
0.001460,3.402000,3.402000,0.916000,0.753000,0.000000,0.822000,34241.900000
0.001476,3.402000,3.402000,0.916000,0.753000,0.000000,0.822000,34241.900000
0.001492,3.402000,3.402000,0.916000,0.753000,0.000000,0.822000,34241.900000
0.001508,3.402000,3.402000,0.916000,0.753000,0.000000,0.822000,34241.900000
0.001524,3.402000,3.402000,0.916000,0.753000,0.000000,0.822000,34241.900000
0.001540,3.402000,3.402000,0.916000,0.753000,0.000000,0.822000,34241.900000
0.001560,3.402000,3.402000,0.916000,0.753000,0.000000,0.822000,34241.900000
0.001576,3.402000,3.402000,0.916000,0.753000,0.000000,0.822000,34241.900000
0.001592,3.402000,3.402000,0.916000,0.753000,0.000000,0.822000,34241.900000
0.001608,3.402000,3.368000,0.916000,0.753000,0.000000,0.822000,34241.900000
0.001624,3.402000,3.368000,0.916000,0.753000,0.000000,0.822000,34241.900000
0.001640,3.402000,3.402000,0.916000,0.753000,0.000000,0.822000,34241.900000
0.001660,3.402000,3.368000,0.916000,0.753000,0.000000,0.822000,34241.900000
0.001676,3.402000,3.368000,0.916000,0.753000,0.000000,0.822000,34241.900000
0.001692,3.402000,3.368000,0.916000,0.753000,0.000000,0.822000,34241.900000
0.001708,3.402000,3.368000,0.916000,0.753000,0.000000,0.822000,34241.900000
0.001724,3.402000,3.368000,0.916000,0.753000,0.000000,0.822000,34241.900000
0.001740,3.402000,3.368000,0.916000,0.753000,0.000000,0.822000,34241.900000
0.001760,3.402000,3.368000,0.916000,0.753000,0.000000,0.822000,34241.900000
0.001776,3.402000,3.368000,0.916000,0.753000,0.000000,0.822000,34241.900000
0.001792,3.402000,3.368000,0.916000,0.753000,0.000000,0.822000,34241.900000
0.001808,3.402000,3.368000,0.916000,0.753000,0.000000,0.822000,34241.900000
0.001824,3.402000,3.368000,0.916000,0.753000,0.000000,0.822000,34241.900000
0.001840,3.402000,3.368000,0.916000,0.753000,0.000000,0.822000,34241.900000
0.001860,3.402000,3.368000,0.916000,0.753000,0.000000,0.822000,34241.900000
0.001876,3.402000,3.368000,0.916000,0.753000,0.000000,0.822000,34241.900000
0.001892,3.402000,3.368000,0.916000,0.753000,0.000000,0.822000,34241.900000
0.001908,3.402000,3.368000,0.916000,0.753000,0.000000,0.822000,34241.900000
0.001924,3.402000,3.368000,0.916000,0.753000,0.000000,0.822000,34241.900000
0.001940,3.402000,3.402000,0.916000,0.753000,0.000000,0.822000,34241.900000
0.001960,3.402000,3.368000,0.916000,0.753000,0.000000,0.822000,34241.900000
0.001976,3.402000,3.368000,0.916000,0.753000,0.000000,0.822000,34241.900000
0.001992,3.402000,3.368000,0.916000,0.753000,0.000000,0.822000,34241.900000
0.002008,3.402000,3.368000,0.916000,0.753000,0.000000,0.822000,34241.900000
0.002024,3.402000,3.368000,0.916000,0.753000,0.000000,0.822000,34241.900000
0.002040,3.402000,3.368000,0.916000,0.753000,0.000000,0.822000,34241.900000
0.002060,3.402000,3.368000,0.916000,0.753000,0.000000,0.822000,34241.900000
0.002076,3.402000,3.368000,0.916000,0.753000,0.000000,0.822000,34241.900000
0.002092,3.402000,3.368000,0.916000,0.753000,0.000000,0.822000,34241.900000
0.002108,3.402000,3.368000,0.916000,0.753000,0.000000,0.822000,34241.900000
0.002124,3.402000,3.368000,0.916000,0.753000,0.000000,0.822000,34241.900000
0.002140,3.402000,3.368000,0.916000,0.753000,0.000000,0.822000,34241.900000
0.002160,3.402000,3.368000,0.916000,0.753000,0.000000,0.822000,34241.900000
0.002176,3.402000,3.368000,0.916000,0.753000,0.000000,0.822000,34241.900000
0.000020,3.402000,3.050000,0.916000,0.916000,0.000000,1.000000,33537.600000
0.000036,3.402000,3.245000,0.916000,0.916000,0.000000,1.000000,33537.600000
0.000052,3.402000,3.319000,0.916000,0.916000,0.000000,1.000000,33537.600000
0.000068,3.402000,3.363000,0.916000,0.916000,0.000000,1.000000,33537.600000
0.000084,3.402000,3.368000,0.916000,0.916000,0.000000,1.000000,33537.600000
0.000100,3.402000,3.402000,0.916000,0.916000,0.000000,1.000000,33537.600000
0.000120,3.402000,3.402000,0.916000,0.916000,0.000000,1.000000,33537.600000
0.000136,3.402000,3.402000,0.916000,0.916000,0.000000,1.000000,33537.600000
0.000152,3.402000,3.402000,0.916000,0.916000,0.000000,1.000000,33537.600000
0.000168,3.402000,3.402000,0.916000,0.916000,0.000000,1.000000,33537.600000
0.000184,3.441000,3.402000,0.916000,0.916000,0.000000,1.000000,33537.600000
0.000200,3.402000,3.402000,0.916000,0.916000,0.000000,1.000000,33537.600000
0.000220,3.402000,3.402000,0.916000,0.916000,0.000000,1.000000,33537.600000
0.000236,3.402000,3.402000,0.916000,0.916000,0.000000,1.000000,33537.600000
0.000252,3.402000,3.402000,0.916000,0.916000,0.000000,1.000000,33537.600000
0.000268,3.441000,3.402000,0.916000,0.916000,0.000000,1.000000,33537.600000
0.000284,3.402000,3.402000,0.916000,0.916000,0.000000,1.000000,33537.600000
0.000300,3.402000,3.402000,0.916000,0.916000,0.000000,1.000000,33537.600000
0.000320,3.402000,3.402000,0.916000,0.916000,0.000000,1.000000,33537.600000
0.000336,3.402000,3.402000,0.916000,0.916000,0.000000,1.000000,33537.600000
0.000352,3.402000,3.402000,0.916000,0.916000,0.000000,1.000000,33537.600000
0.000368,3.402000,3.402000,0.916000,0.916000,0.000000,1.000000,33537.600000
0.000384,3.402000,3.402000,0.916000,0.916000,0.000000,1.000000,33537.600000
0.000400,3.402000,3.402000,0.916000,0.916000,0.000000,1.000000,33537.600000
0.000420,3.402000,3.402000,0.916000,0.916000,0.000000,1.000000,33537.600000
0.000436,3.402000,3.402000,0.916000,0.916000,0.000000,1.000000,33537.600000
0.000452,3.402000,3.402000,0.916000,0.916000,0.000000,1.000000,33537.600000
0.000468,3.402000,3.402000,0.916000,0.916000,0.000000,1.000000,33537.600000
0.000492,3.402000,3.402000,0.916000,0.916000,0.000000,1.000000,33537.600000
0.000508,3.402000,3.402000,0.916000,0.916000,0.000000,1.000000,33537.600000
0.000524,3.402000,3.402000,0.916000,0.916000,0.000000,1.000000,33537.600000
0.000540,3.402000,3.402000,0.916000,0.916000,0.000000,1.000000,33537.600000
0.000556,3.402000,3.402000,0.916000,0.916000,0.000000,1.000000,33537.600000
0.000572,3.402000,3.402000,0.916000,0.916000,0.000000,1.000000,33537.600000
0.000592,3.402000,3.402000,0.916000,0.916000,0.000000,1.000000,33537.600000
0.000608,3.402000,3.402000,0.916000,0.916000,0.000000,1.000000,33537.600000
0.000624,3.402000,3.402000,0.916000,0.916000,0.000000,1.000000,33537.600000
0.000640,3.402000,3.402000,0.916000,0.916000,0.000000,1.000000,33537.600000
0.000656,3.402000,3.402000,0.916000,0.916000,0.000000,1.000000,33537.600000
0.000672,3.402000,3.402000,0.916000,0.916000,0.000000,1.000000,33537.600000
0.000692,3.402000,3.402000,0.916000,0.916000,0.000000,1.000000,33537.600000
0.000708,3.402000,3.402000,0.916000,0.916000,0.000000,1.000000,33537.600000
0.000724,3.402000,3.402000,0.916000,0.916000,0.000000,1.000000,33537.600000
0.000740,3.402000,3.402000,0.916000,0.916000,0.000000,1.000000,33537.600000
0.000756,3.402000,3.402000,0.916000,0.916000,0.000000,1.000000,33537.600000
0.000772,3.402000,3.402000,0.916000,0.916000,0.000000,1.000000,33537.600000
0.000792,3.441000,3.402000,0.916000,0.916000,0.000000,1.000000,33537.600000
0.000808,3.402000,3.402000,0.916000,0.916000,0.000000,1.000000,33537.600000
0.000824,3.402000,3.402000,0.916000,0.916000,0.000000,1.000000,33537.600000
0.000840,3.402000,3.402000,0.916000,0.916000,0.000000,1.000000,33537.600000
0.000856,3.402000,3.402000,0.916000,0.916000,0.000000,1.000000,33537.600000
0.000872,3.402000,3.402000,0.916000,0.916000,0.000000,1.000000,33537.600000
0.000892,3.402000,3.402000,0.916000,0.916000,0.000000,1.000000,33537.600000
0.000908,3.402000,3.402000,0.916000,0.916000,0.000000,1.000000,33537.600000
0.000924,3.402000,3.402000,0.916000,0.916000,0.000000,1.000000,33537.600000
0.000940,3.402000,3.402000,0.916000,0.916000,0.000000,1.000000,33537.600000
0.000956,3.402000,3.402000,0.916000,0.916000,0.000000,1.000000,33537.600000
0.000972,3.402000,3.402000,0.916000,0.916000,0.000000,1.000000,33537.600000
0.000992,3.402000,3.402000,0.916000,0.916000,0.000000,1.000000,33537.600000
0.001008,3.402000,3.402000,0.916000,0.916000,0.000000,1.000000,33537.600000
0.001024,3.402000,3.402000,0.916000,0.916000,0.000000,1.000000,33537.600000
0.001040,3.402000,3.402000,0.916000,0.916000,0.000000,1.000000,33537.600000
0.001056,3.441000,3.402000,0.916000,0.916000,0.000000,1.000000,33537.600000
0.001072,3.402000,3.402000,0.916000,0.916000,0.000000,1.000000,33537.600000
0.001092,3.441000,3.402000,0.916000,0.916000,0.000000,1.000000,33537.600000
0.001108,3.441000,3.402000,0.916000,0.916000,0.000000,1.000000,33537.600000
0.001124,3.441000,3.402000,0.916000,0.916000,0.000000,1.000000,33537.600000
0.001140,3.441000,3.402000,0.916000,0.916000,0.000000,1.000000,33537.600000
0.001156,3.441000,3.402000,0.916000,0.916000,0.000000,1.000000,33537.600000
0.001172,3.441000,3.402000,0.916000,0.916000,0.000000,1.000000,33537.600000
0.001192,3.441000,3.402000,0.916000,0.916000,0.000000,1.000000,33537.600000
0.001208,3.441000,3.402000,0.916000,0.916000,0.000000,1.000000,33537.600000
0.001224,3.402000,3.402000,0.916000,0.916000,0.000000,1.000000,33537.600000
0.001240,3.441000,3.402000,0.916000,0.916000,0.000000,1.000000,33537.600000
0.001256,3.402000,3.402000,0.916000,0.916000,0.000000,1.000000,33537.600000
0.001272,3.441000,3.402000,0.916000,0.916000,0.000000,1.000000,33537.600000
0.001292,3.402000,3.402000,0.916000,0.916000,0.000000,1.000000,33537.600000
0.001308,3.402000,3.402000,0.916000,0.916000,0.000000,1.000000,33537.600000
0.001324,3.402000,3.402000,0.916000,0.916000,0.000000,1.000000,33537.600000
0.001340,3.441000,3.402000,0.916000,0.916000,0.000000,1.000000,33537.600000
0.001356,3.441000,3.402000,0.916000,0.916000,0.000000,1.000000,33537.600000
0.001372,3.441000,3.402000,0.916000,0.916000,0.000000,1.000000,33537.600000
0.001392,3.441000,3.402000,0.916000,0.916000,0.000000,1.000000,33537.600000
0.001408,3.441000,3.402000,0.916000,0.916000,0.000000,1.000000,33537.600000
0.001424,3.441000,3.402000,0.916000,0.916000,0.000000,1.000000,33537.600000
0.001440,3.441000,3.402000,0.916000,0.916000,0.000000,1.000000,33537.600000
0.001456,3.441000,3.402000,0.916000,0.916000,0.000000,1.000000,33537.600000
0.001472,3.441000,3.402000,0.916000,0.916000,0.000000,1.000000,33537.600000
0.001492,3.441000,3.402000,0.916000,0.916000,0.000000,1.000000,33537.600000
0.001512,3.441000,3.402000,0.916000,0.916000,0.000000,1.000000,33537.600000
0.001528,3.441000,3.402000,0.916000,0.916000,0.000000,1.000000,33537.600000
0.001548,3.441000,3.402000,0.916000,0.916000,0.000000,1.000000,33537.600000
0.001564,3.441000,3.402000,0.916000,0.916000,0.000000,1.000000,33537.600000
0.001580,3.441000,3.402000,0.916000,0.916000,0.000000,1.000000,33537.600000
0.001596,3.441000,3.402000,0.916000,0.916000,0.000000,1.000000,33537.600000
0.001612,3.441000,3.402000,0.916000,0.916000,0.000000,1.000000,33537.600000
0.001628,3.441000,3.402000,0.916000,0.916000,0.000000,1.000000,33537.600000
0.001648,3.441000,3.402000,0.916000,0.916000,0.000000,1.000000,33537.600000
0.001664,3.441000,3.402000,0.916000,0.916000,0.000000,1.000000,33537.600000
0.001680,3.441000,3.402000,0.916000,0.916000,0.000000,1.000000,33537.600000
0.001696,3.441000,3.402000,0.916000,0.916000,0.000000,1.000000,33537.600000
0.001712,3.441000,3.402000,0.916000,0.916000,0.000000,1.000000,33537.600000
0.001728,3.441000,3.402000,0.916000,0.916000,0.000000,1.000000,33537.600000
0.001748,3.441000,3.402000,0.916000,0.916000,0.000000,1.000000,33537.600000
0.001764,3.441000,3.402000,0.916000,0.916000,0.000000,1.000000,33537.600000
0.001780,3.441000,3.402000,0.916000,0.916000,0.000000,1.000000,33537.600000
0.001796,3.441000,3.402000,0.916000,0.916000,0.000000,1.000000,33537.600000
0.001812,3.441000,3.402000,0.916000,0.916000,0.000000,1.000000,33537.600000
0.001828,3.441000,3.402000,0.916000,0.916000,0.000000,1.000000,33537.600000
0.001848,3.441000,3.402000,0.916000,0.916000,0.000000,1.000000,33537.600000
0.001864,3.441000,3.402000,0.916000,0.916000,0.000000,1.000000,33537.600000
0.001880,3.441000,3.402000,0.916000,0.916000,0.000000,1.000000,33537.600000
0.001896,3.441000,3.402000,0.916000,0.916000,0.000000,1.000000,33537.600000
0.001912,3.441000,3.402000,0.916000,0.916000,0.000000,1.000000,33537.600000
0.001928,3.441000,3.402000,0.916000,0.916000,0.000000,1.000000,33537.600000
0.001948,3.441000,3.402000,0.916000,0.916000,0.000000,1.000000,33537.600000
0.001964,3.441000,3.402000,0.916000,0.916000,0.000000,1.000000,33537.600000
0.001980,3.441000,3.402000,0.916000,0.916000,0.000000,1.000000,33537.600000
0.001996,3.441000,3.402000,0.916000,0.916000,0.000000,1.000000,33537.600000
0.002012,3.441000,3.402000,0.916000,0.916000,0.000000,1.000000,33537.600000
0.002028,3.441000,3.402000,0.916000,0.916000,0.000000,1.000000,33537.600000
0.002048,3.441000,3.402000,0.916000,0.916000,0.000000,1.000000,33537.600000
0.002064,3.441000,3.402000,0.916000,0.916000,0.000000,1.000000,33537.600000
0.002080,3.441000,3.402000,0.916000,0.916000,0.000000,1.000000,33537.600000
0.002096,3.441000,3.402000,0.916000,0.916000,0.000000,1.000000,33537.600000
0.002112,3.441000,3.402000,0.916000,0.916000,0.000000,1.000000,33537.600000
0.002128,3.441000,3.402000,0.916000,0.916000,0.000000,1.000000,33537.600000
0.002148,3.441000,3.402000,0.916000,0.916000,0.000000,1.000000,33537.600000
0.002164,3.441000,3.402000,0.916000,0.916000,0.000000,1.000000,33537.600000
0.002180,3.441000,3.402000,0.916000,0.916000,0.000000,1.000000,33537.600000
0.000016,3.402000,3.050000,0.916000,0.753000,0.000000,0.822000,33897.500000
0.000032,3.402000,3.250000,0.916000,0.753000,0.000000,0.822000,33897.500000
0.000048,3.441000,3.319000,0.916000,0.753000,0.000000,0.822000,33897.500000
0.000064,3.441000,3.363000,0.916000,0.753000,0.000000,0.822000,33897.500000
0.000080,3.441000,3.368000,0.916000,0.753000,0.000000,0.822000,33897.500000
0.000100,3.441000,3.402000,0.916000,0.753000,0.000000,0.822000,33897.500000
0.000116,3.441000,3.402000,0.916000,0.753000,0.000000,0.822000,33897.500000
0.000132,3.441000,3.402000,0.916000,0.753000,0.000000,0.822000,33897.500000
0.000148,3.441000,3.402000,0.916000,0.753000,0.000000,0.822000,33897.500000
0.000164,3.441000,3.402000,0.916000,0.753000,0.000000,0.822000,33897.500000
0.000180,3.441000,3.402000,0.916000,0.753000,0.000000,0.822000,33897.500000
0.000200,3.441000,3.402000,0.916000,0.753000,0.000000,0.822000,33897.500000
0.000216,3.441000,3.402000,0.916000,0.753000,0.000000,0.822000,33897.500000
0.000232,3.441000,3.402000,0.916000,0.753000,0.000000,0.822000,33897.500000
0.000248,3.441000,3.402000,0.916000,0.753000,0.000000,0.822000,33897.500000
0.000264,3.441000,3.402000,0.916000,0.753000,0.000000,0.822000,33897.500000
0.000280,3.441000,3.402000,0.916000,0.753000,0.000000,0.822000,33897.500000
0.000300,3.441000,3.402000,0.916000,0.753000,0.000000,0.822000,33897.500000
0.000316,3.441000,3.402000,0.916000,0.753000,0.000000,0.822000,33897.500000
0.000332,3.441000,3.402000,0.916000,0.753000,0.000000,0.822000,33897.500000
0.000348,3.441000,3.402000,0.916000,0.753000,0.000000,0.822000,33897.500000
0.000364,3.441000,3.402000,0.916000,0.753000,0.000000,0.822000,33897.500000
0.000380,3.441000,3.402000,0.916000,0.753000,0.000000,0.822000,33897.500000
0.000400,3.441000,3.402000,0.916000,0.753000,0.000000,0.822000,33897.500000
0.000416,3.441000,3.402000,0.916000,0.753000,0.000000,0.822000,33897.500000
0.000432,3.441000,3.402000,0.916000,0.753000,0.000000,0.822000,33897.500000
0.000448,3.441000,3.402000,0.916000,0.753000,0.000000,0.822000,33897.500000
0.000464,3.441000,3.402000,0.916000,0.753000,0.000000,0.822000,33897.500000
0.000480,3.441000,3.402000,0.916000,0.753000,0.000000,0.822000,33897.500000
0.000500,3.441000,3.402000,0.916000,0.753000,0.000000,0.822000,33897.500000
0.000516,3.441000,3.402000,0.916000,0.753000,0.000000,0.822000,33897.500000
0.000532,3.441000,3.402000,0.916000,0.753000,0.000000,0.822000,33897.500000
0.000548,3.441000,3.402000,0.916000,0.753000,0.000000,0.822000,33897.500000
0.000564,3.441000,3.402000,0.916000,0.753000,0.000000,0.822000,33897.500000
0.000580,3.441000,3.402000,0.916000,0.753000,0.000000,0.822000,33897.500000
0.000600,3.441000,3.402000,0.916000,0.753000,0.000000,0.822000,33897.500000
0.000616,3.441000,3.402000,0.916000,0.753000,0.000000,0.822000,33897.500000
0.000632,3.441000,3.402000,0.916000,0.753000,0.000000,0.822000,33897.500000
0.000648,3.441000,3.402000,0.916000,0.753000,0.000000,0.822000,33897.500000
0.000664,3.441000,3.402000,0.916000,0.753000,0.000000,0.822000,33897.500000
0.000680,3.441000,3.402000,0.916000,0.753000,0.000000,0.822000,33897.500000
0.000700,3.441000,3.402000,0.916000,0.753000,0.000000,0.822000,33897.500000
0.000716,3.441000,3.402000,0.916000,0.753000,0.000000,0.822000,33897.500000
0.000732,3.441000,3.402000,0.916000,0.753000,0.000000,0.822000,33897.500000
0.000748,3.441000,3.402000,0.916000,0.753000,0.000000,0.822000,33897.500000
0.000764,3.441000,3.402000,0.916000,0.753000,0.000000,0.822000,33897.500000
0.000780,3.441000,3.402000,0.916000,0.753000,0.000000,0.822000,33897.500000
0.000804,3.441000,3.402000,0.916000,0.753000,0.000000,0.822000,33897.500000
0.000820,3.441000,3.402000,0.916000,0.753000,0.000000,0.822000,33897.500000
0.000836,3.441000,3.402000,0.916000,0.753000,0.000000,0.822000,33897.500000
0.000856,3.441000,3.402000,0.916000,0.753000,0.000000,0.822000,33897.500000
0.000872,3.441000,3.402000,0.916000,0.753000,0.000000,0.822000,33897.500000
0.000888,3.441000,3.402000,0.916000,0.753000,0.000000,0.822000,33897.500000
0.000904,3.441000,3.402000,0.916000,0.753000,0.000000,0.822000,33897.500000
0.000920,3.441000,3.402000,0.916000,0.753000,0.000000,0.822000,33897.500000
0.000936,3.441000,3.402000,0.916000,0.753000,0.000000,0.822000,33897.500000
0.000956,3.441000,3.402000,0.916000,0.753000,0.000000,0.822000,33897.500000
0.000972,3.441000,3.402000,0.916000,0.753000,0.000000,0.822000,33897.500000
0.000988,3.441000,3.402000,0.916000,0.753000,0.000000,0.822000,33897.500000
0.001004,3.441000,3.402000,0.916000,0.753000,0.000000,0.822000,33897.500000
0.001020,3.441000,3.402000,0.916000,0.753000,0.000000,0.822000,33897.500000
0.001036,3.441000,3.402000,0.916000,0.753000,0.000000,0.822000,33897.500000
0.001056,3.441000,3.402000,0.916000,0.753000,0.000000,0.822000,33897.500000
0.001072,3.441000,3.402000,0.916000,0.753000,0.000000,0.822000,33897.500000
0.001088,3.441000,3.402000,0.916000,0.753000,0.000000,0.822000,33897.500000
0.001104,3.441000,3.402000,0.916000,0.753000,0.000000,0.822000,33897.500000
0.001120,3.441000,3.402000,0.916000,0.753000,0.000000,0.822000,33897.500000
0.001136,3.441000,3.402000,0.916000,0.753000,0.000000,0.822000,33897.500000
0.001156,3.441000,3.402000,0.916000,0.753000,0.000000,0.822000,33897.500000
0.001172,3.441000,3.402000,0.916000,0.753000,0.000000,0.822000,33897.500000
0.001188,3.441000,3.402000,0.916000,0.753000,0.000000,0.822000,33897.500000
0.001204,3.441000,3.402000,0.916000,0.753000,0.000000,0.822000,33897.500000
0.001220,3.441000,3.402000,0.916000,0.753000,0.000000,0.822000,33897.500000
0.001236,3.441000,3.402000,0.916000,0.753000,0.000000,0.822000,33897.500000
0.001256,3.441000,3.402000,0.916000,0.753000,0.000000,0.822000,33897.500000
0.001272,3.441000,3.402000,0.916000,0.753000,0.000000,0.822000,33897.500000
0.001288,3.441000,3.402000,0.916000,0.753000,0.000000,0.822000,33897.500000
0.001304,3.441000,3.402000,0.916000,0.753000,0.000000,0.822000,33897.500000
0.001320,3.441000,3.402000,0.916000,0.753000,0.000000,0.822000,33897.500000
0.001336,3.441000,3.402000,0.916000,0.753000,0.000000,0.822000,33897.500000
0.001356,3.441000,3.402000,0.916000,0.753000,0.000000,0.822000,33897.500000
0.001372,3.441000,3.402000,0.916000,0.753000,0.000000,0.822000,33897.500000
0.001388,3.441000,3.402000,0.916000,0.753000,0.000000,0.822000,33897.500000
0.001404,3.441000,3.402000,0.916000,0.753000,0.000000,0.822000,33897.500000
0.001420,3.441000,3.402000,0.916000,0.753000,0.000000,0.822000,33897.500000
0.001436,3.441000,3.402000,0.916000,0.753000,0.000000,0.822000,33897.500000
0.001456,3.441000,3.402000,0.916000,0.753000,0.000000,0.822000,33897.500000
0.001472,3.441000,3.402000,0.916000,0.753000,0.000000,0.822000,33897.500000
0.001488,3.441000,3.402000,0.916000,0.753000,0.000000,0.822000,33897.500000
0.001504,3.441000,3.402000,0.916000,0.753000,0.000000,0.822000,33897.500000
0.001520,3.441000,3.402000,0.916000,0.753000,0.000000,0.822000,33897.500000
0.001536,3.441000,3.402000,0.916000,0.753000,0.000000,0.822000,33897.500000
0.001556,3.441000,3.402000,0.916000,0.753000,0.000000,0.822000,33897.500000
0.001572,3.441000,3.402000,0.916000,0.753000,0.000000,0.822000,33897.500000
0.001588,3.441000,3.402000,0.916000,0.753000,0.000000,0.822000,33897.500000
0.001604,3.441000,3.402000,0.916000,0.753000,0.000000,0.822000,33897.500000
0.001620,3.441000,3.402000,0.916000,0.753000,0.000000,0.822000,33897.500000
0.001636,3.441000,3.402000,0.916000,0.753000,0.000000,0.822000,33897.500000
0.001656,3.441000,3.402000,0.916000,0.753000,0.000000,0.822000,33897.500000
0.001672,3.441000,3.402000,0.916000,0.753000,0.000000,0.822000,33897.500000
0.001688,3.441000,3.402000,0.916000,0.753000,0.000000,0.822000,33897.500000
0.001704,3.441000,3.402000,0.916000,0.753000,0.000000,0.822000,33897.500000
0.001720,3.441000,3.402000,0.916000,0.753000,0.000000,0.822000,33897.500000
0.001736,3.441000,3.402000,0.916000,0.753000,0.000000,0.822000,33897.500000
0.001756,3.441000,3.402000,0.916000,0.753000,0.000000,0.822000,33897.500000
0.001772,3.441000,3.402000,0.916000,0.753000,0.000000,0.822000,33897.500000
0.001788,3.441000,3.402000,0.916000,0.753000,0.000000,0.822000,33897.500000
0.001804,3.441000,3.402000,0.916000,0.753000,0.000000,0.822000,33897.500000
0.001828,3.441000,3.402000,0.916000,0.753000,0.000000,0.822000,33897.500000
0.001844,3.441000,3.402000,0.916000,0.753000,0.000000,0.822000,33897.500000
0.001860,3.441000,3.402000,0.916000,0.753000,0.000000,0.822000,33897.500000
0.001876,3.441000,3.402000,0.916000,0.753000,0.000000,0.822000,33897.500000
0.001892,3.441000,3.402000,0.916000,0.753000,0.000000,0.822000,33897.500000
0.001912,3.441000,3.402000,0.916000,0.753000,0.000000,0.822000,33897.500000
0.001928,3.441000,3.402000,0.916000,0.753000,0.000000,0.822000,33897.500000
0.001944,3.441000,3.402000,0.916000,0.753000,0.000000,0.822000,33897.500000
0.001960,3.441000,3.402000,0.916000,0.753000,0.000000,0.822000,33897.500000
0.001976,3.441000,3.402000,0.916000,0.753000,0.000000,0.822000,33897.500000
0.001992,3.441000,3.402000,0.916000,0.753000,0.000000,0.822000,33897.500000
0.002012,3.441000,3.402000,0.916000,0.753000,0.000000,0.822000,33897.500000
0.002028,3.441000,3.402000,0.916000,0.753000,0.000000,0.822000,33897.500000
0.002044,3.441000,3.402000,0.916000,0.753000,0.000000,0.822000,33897.500000
0.002060,3.441000,3.402000,0.916000,0.753000,0.000000,0.822000,33897.500000
0.002076,3.441000,3.402000,0.916000,0.753000,0.000000,0.822000,33897.500000
0.002092,3.441000,3.402000,0.916000,0.753000,0.000000,0.822000,33897.500000
0.002112,3.441000,3.402000,0.916000,0.753000,0.000000,0.822000,33897.500000
0.002128,3.441000,3.402000,0.916000,0.753000,0.000000,0.822000,33897.500000
0.002144,3.441000,3.402000,0.916000,0.753000,0.000000,0.822000,33897.500000
0.002160,3.441000,3.402000,0.916000,0.753000,0.000000,0.822000,33897.500000
0.002176,3.402000,3.402000,0.916000,0.753000,0.000000,0.822000,33897.500000
0.000016,3.402000,3.006000,2.465000,2.465000,2.200000,1.000000,35434.200000
0.000032,3.402000,3.245000,2.465000,2.465000,2.200000,1.000000,35434.200000
0.000048,3.402000,3.319000,2.465000,2.465000,2.200000,1.000000,35434.200000
0.000068,3.402000,3.363000,2.465000,2.465000,2.200000,1.000000,35434.200000
0.000084,3.402000,3.363000,2.465000,2.465000,2.200000,1.000000,35434.200000
0.000100,3.402000,3.368000,2.465000,2.465000,2.200000,1.000000,35434.200000
0.000120,3.402000,3.402000,2.465000,2.465000,2.200000,1.000000,35434.200000
0.000136,3.402000,3.402000,2.465000,2.465000,2.200000,1.000000,35434.200000
0.000156,3.402000,3.402000,2.465000,2.465000,2.200000,1.000000,35434.200000
0.000172,3.402000,3.402000,2.465000,2.465000,2.200000,1.000000,35434.200000
0.000188,3.402000,3.402000,2.465000,2.465000,2.200000,1.000000,35434.200000
0.000204,3.402000,3.402000,2.465000,2.465000,2.200000,1.000000,35434.200000
0.000220,3.402000,3.402000,2.465000,2.465000,2.200000,1.000000,35434.200000
0.000236,3.402000,3.402000,2.465000,2.465000,2.200000,1.000000,35434.200000
0.000256,3.402000,3.402000,2.465000,2.465000,2.200000,1.000000,35434.200000
0.000272,3.402000,3.402000,2.465000,2.465000,2.200000,1.000000,35434.200000
0.000288,3.402000,3.402000,2.465000,2.465000,2.200000,1.000000,35434.200000
0.000304,3.402000,3.402000,2.465000,2.465000,2.200000,1.000000,35434.200000
0.000320,3.402000,3.402000,2.465000,2.465000,2.200000,1.000000,35434.200000
0.000336,3.402000,3.402000,2.465000,2.465000,2.200000,1.000000,35434.200000
0.000356,3.402000,3.402000,2.465000,2.465000,2.200000,1.000000,35434.200000
0.000372,3.402000,3.402000,2.465000,2.465000,2.200000,1.000000,35434.200000
0.000388,3.402000,3.402000,2.465000,2.465000,2.200000,1.000000,35434.200000
0.000404,3.402000,3.402000,2.465000,2.465000,2.200000,1.000000,35434.200000
0.000420,3.402000,3.402000,2.465000,2.465000,2.200000,1.000000,35434.200000
0.000436,3.402000,3.402000,2.465000,2.465000,2.200000,1.000000,35434.200000
0.000456,3.402000,3.402000,2.465000,2.465000,2.200000,1.000000,35434.200000
0.000472,3.402000,3.402000,2.465000,2.465000,2.200000,1.000000,35434.200000
0.000488,3.402000,3.402000,2.465000,2.465000,2.200000,1.000000,35434.200000
0.000504,3.402000,3.402000,2.465000,2.465000,2.200000,1.000000,35434.200000
0.000520,3.402000,3.402000,2.465000,2.465000,2.200000,1.000000,35434.200000
0.000536,3.402000,3.402000,2.465000,2.465000,2.200000,1.000000,35434.200000
0.000556,3.402000,3.402000,2.465000,2.465000,2.200000,1.000000,35434.200000
0.000572,3.402000,3.402000,2.465000,2.465000,2.200000,1.000000,35434.200000
0.000588,3.402000,3.402000,2.465000,2.465000,2.200000,1.000000,35434.200000
0.000604,3.402000,3.402000,2.465000,2.465000,2.200000,1.000000,35434.200000
0.000620,3.402000,3.402000,2.465000,2.465000,2.200000,1.000000,35434.200000
0.000636,3.402000,3.402000,2.465000,2.465000,2.200000,1.000000,35434.200000
0.000656,3.402000,3.402000,2.465000,2.465000,2.200000,1.000000,35434.200000
0.000672,3.402000,3.402000,2.465000,2.465000,2.200000,1.000000,35434.200000
0.000688,3.402000,3.402000,2.465000,2.465000,2.200000,1.000000,35434.200000
0.000704,3.402000,3.402000,2.465000,2.465000,2.200000,1.000000,35434.200000
0.000720,3.402000,3.402000,2.465000,2.465000,2.200000,1.000000,35434.200000
0.000736,3.402000,3.402000,2.465000,2.465000,2.200000,1.000000,35434.200000
0.000756,3.402000,3.402000,2.465000,2.465000,2.200000,1.000000,35434.200000
0.000772,3.402000,3.402000,2.465000,2.465000,2.200000,1.000000,35434.200000
0.000788,3.402000,3.402000,2.465000,2.465000,2.200000,1.000000,35434.200000
0.000804,3.402000,3.402000,2.465000,2.465000,2.200000,1.000000,35434.200000
0.000820,3.402000,3.402000,2.465000,2.465000,2.200000,1.000000,35434.200000
0.000836,3.402000,3.402000,2.465000,2.465000,2.200000,1.000000,35434.200000
0.000856,3.402000,3.402000,2.465000,2.465000,2.200000,1.000000,35434.200000
0.000872,3.402000,3.402000,2.465000,2.465000,2.200000,1.000000,35434.200000
0.000888,3.402000,3.402000,2.465000,2.465000,2.200000,1.000000,35434.200000
0.000904,3.402000,3.402000,2.465000,2.465000,2.200000,1.000000,35434.200000
0.000920,3.402000,3.402000,2.465000,2.465000,2.200000,1.000000,35434.200000
0.000936,3.402000,3.402000,2.465000,2.465000,2.200000,1.000000,35434.200000
0.000956,3.402000,3.402000,2.465000,2.465000,2.200000,1.000000,35434.200000
0.000972,3.402000,3.402000,2.465000,2.465000,2.200000,1.000000,35434.200000
0.000988,3.402000,3.402000,2.465000,2.465000,2.200000,1.000000,35434.200000
0.001004,3.402000,3.402000,2.465000,2.465000,2.200000,1.000000,35434.200000
0.001020,3.402000,3.402000,2.465000,2.465000,2.200000,1.000000,35434.200000
0.001036,3.402000,3.402000,2.465000,2.465000,2.200000,1.000000,35434.200000
0.001056,3.402000,3.402000,2.465000,2.465000,2.200000,1.000000,35434.200000
0.001072,3.402000,3.402000,2.465000,2.465000,2.200000,1.000000,35434.200000
0.001088,3.402000,3.402000,2.465000,2.465000,2.200000,1.000000,35434.200000
0.001104,3.402000,3.402000,2.465000,2.465000,2.200000,1.000000,35434.200000
0.001120,3.402000,3.402000,2.465000,2.465000,2.200000,1.000000,35434.200000
0.001144,3.402000,3.402000,2.465000,2.465000,2.200000,1.000000,35434.200000
0.001160,3.402000,3.402000,2.465000,2.465000,2.200000,1.000000,35434.200000
0.001176,3.402000,3.402000,2.465000,2.465000,2.200000,1.000000,35434.200000
0.001192,3.402000,3.402000,2.465000,2.465000,2.200000,1.000000,35434.200000
0.001212,3.402000,3.402000,2.465000,2.465000,2.200000,1.000000,35434.200000
0.001228,3.402000,3.402000,2.465000,2.465000,2.200000,1.000000,35434.200000
0.001244,3.402000,3.402000,2.465000,2.465000,2.200000,1.000000,35434.200000
0.001260,3.402000,3.402000,2.465000,2.465000,2.200000,1.000000,35434.200000
0.001276,3.402000,3.402000,2.465000,2.465000,2.200000,1.000000,35434.200000
0.001292,3.402000,3.402000,2.465000,2.465000,2.200000,1.000000,35434.200000
0.001312,3.402000,3.402000,2.465000,2.465000,2.200000,1.000000,35434.200000
0.001328,3.402000,3.402000,2.465000,2.465000,2.200000,1.000000,35434.200000
0.001344,3.402000,3.402000,2.465000,2.465000,2.200000,1.000000,35434.200000
0.001360,3.402000,3.402000,2.465000,2.465000,2.200000,1.000000,35434.200000
0.001376,3.402000,3.402000,2.465000,2.465000,2.200000,1.000000,35434.200000
0.001392,3.402000,3.402000,2.465000,2.465000,2.200000,1.000000,35434.200000
0.001412,3.402000,3.402000,2.465000,2.465000,2.200000,1.000000,35434.200000
0.001428,3.402000,3.402000,2.465000,2.465000,2.200000,1.000000,35434.200000
0.001444,3.402000,3.402000,2.465000,2.465000,2.200000,1.000000,35434.200000
0.001460,3.402000,3.402000,2.465000,2.465000,2.200000,1.000000,35434.200000
0.001476,3.402000,3.402000,2.465000,2.465000,2.200000,1.000000,35434.200000
0.001492,3.402000,3.402000,2.465000,2.465000,2.200000,1.000000,35434.200000
0.001512,3.402000,3.402000,2.465000,2.465000,2.200000,1.000000,35434.200000
0.001528,3.402000,3.402000,2.465000,2.465000,2.200000,1.000000,35434.200000
0.001544,3.402000,3.402000,2.465000,2.465000,2.200000,1.000000,35434.200000
0.001560,3.402000,3.402000,2.465000,2.465000,2.200000,1.000000,35434.200000
0.001576,3.402000,3.402000,2.465000,2.465000,2.200000,1.000000,35434.200000
0.001592,3.402000,3.402000,2.465000,2.465000,2.200000,1.000000,35434.200000
0.001612,3.402000,3.402000,2.465000,2.465000,2.200000,1.000000,35434.200000
0.001628,3.402000,3.402000,2.465000,2.465000,2.200000,1.000000,35434.200000
0.001644,3.402000,3.402000,2.465000,2.465000,2.200000,1.000000,35434.200000
0.001660,3.402000,3.402000,2.465000,2.465000,2.200000,1.000000,35434.200000
0.001676,3.402000,3.402000,2.465000,2.465000,2.200000,1.000000,35434.200000
0.001692,3.402000,3.402000,2.465000,2.465000,2.200000,1.000000,35434.200000
0.001712,3.402000,3.402000,2.465000,2.465000,2.200000,1.000000,35434.200000
0.001728,3.402000,3.402000,2.465000,2.465000,2.200000,1.000000,35434.200000
0.001744,3.402000,3.402000,2.465000,2.465000,2.200000,1.000000,35434.200000
0.001760,3.402000,3.402000,2.465000,2.465000,2.200000,1.000000,35434.200000
0.001776,3.402000,3.402000,2.465000,2.465000,2.200000,1.000000,35434.200000
0.001792,3.402000,3.402000,2.465000,2.465000,2.200000,1.000000,35434.200000
0.001812,3.402000,3.402000,2.465000,2.465000,2.200000,1.000000,35434.200000
0.001828,3.402000,3.402000,2.465000,2.465000,2.200000,1.000000,35434.200000
0.001844,3.402000,3.402000,2.465000,2.465000,2.200000,1.000000,35434.200000
0.001860,3.402000,3.402000,2.465000,2.465000,2.200000,1.000000,35434.200000
0.001876,3.402000,3.402000,2.465000,2.465000,2.200000,1.000000,35434.200000
0.001892,3.402000,3.402000,2.465000,2.465000,2.200000,1.000000,35434.200000
0.001912,3.402000,3.402000,2.465000,2.465000,2.200000,1.000000,35434.200000
0.001928,3.402000,3.402000,2.465000,2.465000,2.200000,1.000000,35434.200000
0.001944,3.402000,3.402000,2.465000,2.465000,2.200000,1.000000,35434.200000
0.001960,3.402000,3.402000,2.465000,2.465000,2.200000,1.000000,35434.200000
0.001976,3.402000,3.402000,2.465000,2.465000,2.200000,1.000000,35434.200000
0.001992,3.402000,3.402000,2.465000,2.465000,2.200000,1.000000,35434.200000
0.002012,3.402000,3.402000,2.465000,2.465000,2.200000,1.000000,35434.200000
0.002028,3.402000,3.402000,2.465000,2.465000,2.200000,1.000000,35434.200000
0.002044,3.402000,3.402000,2.465000,2.465000,2.200000,1.000000,35434.200000
0.002060,3.402000,3.402000,2.465000,2.465000,2.200000,1.000000,35434.200000
0.002076,3.402000,3.402000,2.465000,2.465000,2.200000,1.000000,35434.200000
0.002092,3.402000,3.402000,2.465000,2.465000,2.200000,1.000000,35434.200000
0.002112,3.402000,3.402000,2.465000,2.465000,2.200000,1.000000,35434.200000
0.002128,3.402000,3.402000,2.465000,2.465000,2.200000,1.000000,35434.200000
0.002144,3.402000,3.402000,2.465000,2.465000,2.200000,1.000000,35434.200000
0.002168,3.402000,3.402000,2.465000,2.465000,2.200000,1.000000,35434.200000
0.002184,3.402000,3.402000,2.465000,2.465000,2.200000,1.000000,35434.200000
