Channel 1,Channel 2,Channel 3,Channel 4,Channel 5,Channel 6,Channel 7,Channel 8
0.000024,3.402000,3.016000,1.363000,1.363000,7.600000,1.000000,124019.100000
0.000048,3.402000,3.245000,1.363000,1.363000,7.600000,1.000000,124019.100000
0.000072,3.402000,3.319000,1.363000,1.363000,7.600000,1.000000,124019.100000
0.000096,3.402000,3.363000,1.363000,1.363000,7.600000,1.000000,124019.100000
0.000120,3.402000,3.363000,1.363000,1.363000,7.600000,1.000000,124019.100000
0.000140,3.402000,3.368000,1.363000,1.363000,7.600000,1.000000,124019.100000
0.000168,3.402000,3.377000,1.363000,1.363000,7.600000,1.000000,124019.100000
0.000188,3.402000,3.377000,1.363000,1.363000,7.600000,1.000000,124019.100000
0.000212,3.402000,3.377000,1.363000,1.363000,7.600000,1.000000,124019.100000
0.000236,3.402000,3.377000,1.363000,1.363000,7.600000,1.000000,124019.100000
0.000260,3.402000,3.377000,1.363000,1.363000,7.600000,1.000000,124019.100000
0.000284,3.402000,3.377000,1.363000,1.363000,7.600000,1.000000,124019.100000
0.000308,3.402000,3.377000,1.363000,1.363000,7.600000,1.000000,124019.100000
0.000332,3.402000,3.377000,1.363000,1.363000,7.600000,1.000000,124019.100000
0.000356,3.402000,3.377000,1.363000,1.363000,7.600000,1.000000,124019.100000
0.000380,3.402000,3.377000,1.363000,1.363000,7.600000,1.000000,124019.100000
0.000404,3.402000,3.377000,1.363000,1.363000,7.600000,1.000000,124019.100000
0.000428,3.402000,3.377000,1.363000,1.363000,7.600000,1.000000,124019.100000
0.000452,3.402000,3.377000,1.363000,1.363000,7.600000,1.000000,124019.100000
0.000472,3.402000,3.377000,1.363000,1.363000,7.600000,1.000000,124019.100000
0.000500,3.402000,3.377000,1.363000,1.363000,7.600000,1.000000,124019.100000
0.000520,3.402000,3.377000,1.363000,1.363000,7.600000,1.000000,124019.100000
0.000544,3.402000,3.377000,1.363000,1.363000,7.600000,1.000000,124019.100000
0.000568,3.402000,3.377000,1.363000,1.363000,7.600000,1.000000,124019.100000
0.000592,3.402000,3.377000,1.363000,1.363000,7.600000,1.000000,124019.100000
0.000616,3.402000,3.377000,1.363000,1.363000,7.600000,1.000000,124019.100000
0.000640,3.402000,3.377000,1.363000,1.363000,7.600000,1.000000,124019.100000
0.000664,3.402000,3.377000,1.363000,1.363000,7.600000,1.000000,124019.100000
0.000688,3.402000,3.377000,1.363000,1.363000,7.600000,1.000000,124019.100000
0.000712,3.402000,3.377000,1.363000,1.363000,7.600000,1.000000,124019.100000
0.000736,3.402000,3.377000,1.363000,1.363000,7.600000,1.000000,124019.100000
0.000760,3.402000,3.377000,1.363000,1.363000,7.600000,1.000000,124019.100000
0.000784,3.402000,3.377000,1.363000,1.363000,7.600000,1.000000,124019.100000
0.000808,3.402000,3.377000,1.363000,1.363000,7.600000,1.000000,124019.100000
0.000832,3.402000,3.377000,1.363000,1.363000,7.600000,1.000000,124019.100000
0.000852,3.402000,3.377000,1.363000,1.363000,7.600000,1.000000,124019.100000
0.000880,3.402000,3.377000,1.363000,1.363000,7.600000,1.000000,124019.100000
0.000900,3.402000,3.377000,1.363000,1.363000,7.600000,1.000000,124019.100000
0.000924,3.402000,3.377000,1.363000,1.363000,7.600000,1.000000,124019.100000
0.000948,3.402000,3.377000,1.363000,1.363000,7.600000,1.000000,124019.100000
0.000972,3.402000,3.377000,1.363000,1.363000,7.600000,1.000000,124019.100000
0.000996,3.402000,3.377000,1.363000,1.363000,7.600000,1.000000,124019.100000
0.001020,3.402000,3.377000,1.363000,1.363000,7.600000,1.000000,124019.100000
0.001044,3.402000,3.377000,1.363000,1.363000,7.600000,1.000000,124019.100000
0.001068,3.402000,3.377000,1.363000,1.363000,7.600000,1.000000,124019.100000
0.001092,3.402000,3.377000,1.363000,1.363000,7.600000,1.000000,124019.100000
0.001116,3.402000,3.377000,1.363000,1.363000,7.600000,1.000000,124019.100000
0.001140,3.402000,3.377000,1.363000,1.363000,7.600000,1.000000,124019.100000
0.001164,3.402000,3.377000,1.363000,1.363000,7.600000,1.000000,124019.100000
0.001192,3.402000,3.377000,1.363000,1.363000,7.600000,1.000000,124019.100000
0.001212,3.402000,3.377000,1.363000,1.363000,7.600000,1.000000,124019.100000
0.001236,3.402000,3.368000,1.363000,1.363000,7.600000,1.000000,124019.100000
0.001260,3.402000,3.377000,1.363000,1.363000,7.600000,1.000000,124019.100000
0.001284,3.402000,3.368000,1.363000,1.363000,7.600000,1.000000,124019.100000
0.001308,3.402000,3.377000,1.363000,1.363000,7.600000,1.000000,124019.100000
0.001332,3.402000,3.377000,1.363000,1.363000,7.600000,1.000000,124019.100000
0.001356,3.402000,3.377000,1.363000,1.363000,7.600000,1.000000,124019.100000
0.001380,3.402000,3.377000,1.363000,1.363000,7.600000,1.000000,124019.100000
0.001404,3.402000,3.377000,1.363000,1.363000,7.600000,1.000000,124019.100000
0.001428,3.402000,3.377000,1.363000,1.363000,7.600000,1.000000,124019.100000
0.001452,3.402000,3.377000,1.363000,1.363000,7.600000,1.000000,124019.100000
0.001476,3.402000,3.377000,1.363000,1.363000,7.600000,1.000000,124019.100000
0.001500,3.402000,3.377000,1.363000,1.363000,7.600000,1.000000,124019.100000
0.001524,3.402000,3.377000,1.363000,1.363000,7.600000,1.000000,124019.100000
0.001544,3.402000,3.377000,1.363000,1.363000,7.600000,1.000000,124019.100000
0.001572,3.402000,3.377000,1.363000,1.363000,7.600000,1.000000,124019.100000
0.001592,3.402000,3.377000,1.363000,1.363000,7.600000,1.000000,124019.100000
0.001616,3.402000,3.377000,1.363000,1.363000,7.600000,1.000000,124019.100000
0.001640,3.402000,3.377000,1.363000,1.363000,7.600000,1.000000,124019.100000
0.001664,3.402000,3.377000,1.363000,1.363000,7.600000,1.000000,124019.100000
0.001688,3.402000,3.377000,1.363000,1.363000,7.600000,1.000000,124019.100000
0.001712,3.402000,3.377000,1.363000,1.363000,7.600000,1.000000,124019.100000
0.001736,3.402000,3.377000,1.363000,1.363000,7.600000,1.000000,124019.100000
0.001760,3.402000,3.377000,1.363000,1.363000,7.600000,1.000000,124019.100000
0.001784,3.402000,3.377000,1.363000,1.363000,7.600000,1.000000,124019.100000
0.001808,3.402000,3.377000,1.363000,1.363000,7.600000,1.000000,124019.100000
0.001832,3.402000,3.377000,1.363000,1.363000,7.600000,1.000000,124019.100000
0.001856,3.402000,3.377000,1.363000,1.363000,7.600000,1.000000,124019.100000
0.001880,3.402000,3.377000,1.363000,1.363000,7.600000,1.000000,124019.100000
0.001904,3.402000,3.377000,1.363000,1.363000,7.600000,1.000000,124019.100000
0.001924,3.402000,3.377000,1.363000,1.363000,7.600000,1.000000,124019.100000
0.001952,3.402000,3.377000,1.363000,1.363000,7.600000,1.000000,124019.100000
0.001972,3.402000,3.377000,1.363000,1.363000,7.600000,1.000000,124019.100000
0.001996,3.402000,3.377000,1.363000,1.363000,7.600000,1.000000,124019.100000
0.002020,3.402000,3.377000,1.363000,1.363000,7.600000,1.000000,124019.100000
0.002044,3.402000,3.377000,1.363000,1.363000,7.600000,1.000000,124019.100000
0.002068,3.402000,3.377000,1.363000,1.363000,7.600000,1.000000,124019.100000
0.002092,3.402000,3.377000,1.363000,1.363000,7.600000,1.000000,124019.100000
0.002116,3.402000,3.377000,1.363000,1.363000,7.600000,1.000000,124019.100000
0.002140,3.402000,3.377000,1.363000,1.363000,7.600000,1.000000,124019.100000
0.002164,3.402000,3.377000,1.363000,1.363000,7.600000,1.000000,124019.100000
0.002188,3.402000,3.377000,1.363000,1.363000,7.600000,1.000000,124019.100000
0.002216,3.402000,3.377000,1.363000,1.363000,7.600000,1.000000,124019.100000
0.002236,3.402000,3.377000,1.363000,1.363000,7.600000,1.000000,124019.100000
0.002264,3.402000,3.377000,1.363000,1.363000,7.600000,1.000000,124019.100000
0.002284,3.402000,3.377000,1.363000,1.363000,7.600000,1.000000,124019.100000
0.002308,3.402000,3.377000,1.363000,1.363000,7.600000,1.000000,124019.100000
0.002332,3.402000,3.377000,1.363000,1.363000,7.600000,1.000000,124019.100000
0.002356,3.402000,3.377000,1.363000,1.363000,7.600000,1.000000,124019.100000
0.002380,3.402000,3.377000,1.363000,1.363000,7.600000,1.000000,124019.100000
0.002404,3.402000,3.377000,1.363000,1.363000,7.600000,1.000000,124019.100000
0.002428,3.402000,3.377000,1.363000,1.363000,7.600000,1.000000,124019.100000
0.002452,3.402000,3.377000,1.363000,1.363000,7.600000,1.000000,124019.100000
0.002476,3.402000,3.377000,1.363000,1.363000,7.600000,1.000000,124019.100000
0.002500,3.402000,3.377000,1.363000,1.363000,7.600000,1.000000,124019.100000
0.002524,3.402000,3.377000,1.363000,1.363000,7.600000,1.000000,124019.100000
0.002548,3.402000,3.377000,1.363000,1.363000,7.600000,1.000000,124019.100000
0.002572,3.402000,3.377000,1.363000,1.363000,7.600000,1.000000,124019.100000
0.002596,3.402000,3.377000,1.363000,1.363000,7.600000,1.000000,124019.100000
0.002616,3.402000,3.377000,1.363000,1.363000,7.600000,1.000000,124019.100000
0.002644,3.402000,3.377000,1.363000,1.363000,7.600000,1.000000,124019.100000
0.002664,3.402000,3.377000,1.363000,1.363000,7.600000,1.000000,124019.100000
0.002688,3.402000,3.377000,1.363000,1.363000,7.600000,1.000000,124019.100000
0.002712,3.402000,3.377000,1.363000,1.363000,7.600000,1.000000,124019.100000
0.002736,3.402000,3.377000,1.363000,1.363000,7.600000,1.000000,124019.100000
0.002760,3.402000,3.377000,1.363000,1.363000,7.600000,1.000000,124019.100000
0.002784,3.402000,3.377000,1.363000,1.363000,7.600000,1.000000,124019.100000
0.002808,3.402000,3.377000,1.363000,1.363000,7.600000,1.000000,124019.100000
0.002832,3.402000,3.377000,1.363000,1.363000,7.600000,1.000000,124019.100000
0.002856,3.402000,3.377000,1.363000,1.363000,7.600000,1.000000,124019.100000
0.002880,3.402000,3.377000,1.363000,1.363000,7.600000,1.000000,124019.100000
0.002904,3.402000,3.377000,1.363000,1.363000,7.600000,1.000000,124019.100000
0.002928,3.402000,3.377000,1.363000,1.363000,7.600000,1.000000,124019.100000
0.002952,3.402000,3.377000,1.363000,1.363000,7.600000,1.000000,124019.100000
0.002976,3.402000,3.377000,1.363000,1.363000,7.600000,1.000000,124019.100000
0.002996,3.402000,3.377000,1.363000,1.363000,7.600000,1.000000,124019.100000
0.003024,3.402000,3.377000,1.363000,1.363000,7.600000,1.000000,124019.100000
0.003044,3.402000,3.377000,1.363000,1.363000,7.600000,1.000000,124019.100000
0.003068,3.402000,3.377000,1.363000,1.363000,7.600000,1.000000,124019.100000
0.003092,3.402000,3.377000,1.363000,1.363000,7.600000,1.000000,124019.100000
0.000024,3.407000,3.050000,0.539000,0.747000,0.000000,1.386000,34142.700000
0.000048,3.416000,3.250000,0.539000,0.747000,0.000000,1.386000,34142.700000
0.000072,3.407000,3.328000,0.539000,0.747000,0.000000,1.386000,34142.700000
0.000096,3.407000,3.363000,0.539000,0.747000,0.000000,1.386000,34142.700000
0.000120,3.407000,3.377000,0.539000,0.747000,0.000000,1.386000,34142.700000
0.000144,3.407000,3.377000,0.539000,0.747000,0.000000,1.386000,34142.700000
0.000168,3.407000,3.377000,0.539000,0.747000,0.000000,1.386000,34142.700000
0.000192,3.407000,3.377000,0.539000,0.747000,0.000000,1.386000,34142.700000
0.000216,3.407000,3.377000,0.539000,0.747000,0.000000,1.386000,34142.700000
0.000236,3.407000,3.377000,0.539000,0.747000,0.000000,1.386000,34142.700000
0.000264,3.407000,3.377000,0.539000,0.747000,0.000000,1.386000,34142.700000
0.000284,3.407000,3.377000,0.539000,0.747000,0.000000,1.386000,34142.700000
0.000308,3.407000,3.377000,0.539000,0.747000,0.000000,1.386000,34142.700000
0.000332,3.407000,3.377000,0.539000,0.747000,0.000000,1.386000,34142.700000
0.000356,3.407000,3.377000,0.539000,0.747000,0.000000,1.386000,34142.700000
0.000380,3.407000,3.377000,0.539000,0.747000,0.000000,1.386000,34142.700000
0.000404,3.407000,3.377000,0.539000,0.747000,0.000000,1.386000,34142.700000
0.000428,3.407000,3.377000,0.539000,0.747000,0.000000,1.386000,34142.700000
0.000452,3.407000,3.377000,0.539000,0.747000,0.000000,1.386000,34142.700000
0.000476,3.407000,3.377000,0.539000,0.747000,0.000000,1.386000,34142.700000
0.000500,3.402000,3.377000,0.539000,0.747000,0.000000,1.386000,34142.700000
0.000524,3.407000,3.377000,0.539000,0.747000,0.000000,1.386000,34142.700000
0.000548,3.402000,3.377000,0.539000,0.747000,0.000000,1.386000,34142.700000
0.000572,3.407000,3.377000,0.539000,0.747000,0.000000,1.386000,34142.700000
0.000596,3.402000,3.377000,0.539000,0.747000,0.000000,1.386000,34142.700000
0.000616,3.402000,3.377000,0.539000,0.747000,0.000000,1.386000,34142.700000
0.000644,3.402000,3.377000,0.539000,0.747000,0.000000,1.386000,34142.700000
0.000664,3.402000,3.377000,0.539000,0.747000,0.000000,1.386000,34142.700000
0.000688,3.402000,3.377000,0.539000,0.747000,0.000000,1.386000,34142.700000
0.000720,3.402000,3.377000,0.539000,0.747000,0.000000,1.386000,34142.700000
0.000744,3.407000,3.377000,0.539000,0.747000,0.000000,1.386000,34142.700000
0.000768,3.402000,3.377000,0.539000,0.747000,0.000000,1.386000,34142.700000
0.000788,3.402000,3.377000,0.539000,0.747000,0.000000,1.386000,34142.700000
0.000816,3.402000,3.377000,0.539000,0.747000,0.000000,1.386000,34142.700000
0.000836,3.402000,3.377000,0.539000,0.747000,0.000000,1.386000,34142.700000
0.000860,3.402000,3.377000,0.539000,0.747000,0.000000,1.386000,34142.700000
0.000884,3.402000,3.377000,0.539000,0.747000,0.000000,1.386000,34142.700000
0.000908,3.402000,3.377000,0.539000,0.747000,0.000000,1.386000,34142.700000
0.000932,3.402000,3.377000,0.539000,0.747000,0.000000,1.386000,34142.700000
0.000956,3.402000,3.377000,0.539000,0.747000,0.000000,1.386000,34142.700000
0.000980,3.402000,3.377000,0.539000,0.747000,0.000000,1.386000,34142.700000
0.001004,3.402000,3.377000,0.539000,0.747000,0.000000,1.386000,34142.700000
0.001028,3.402000,3.377000,0.539000,0.747000,0.000000,1.386000,34142.700000
0.001052,3.407000,3.377000,0.539000,0.747000,0.000000,1.386000,34142.700000
0.001076,3.402000,3.377000,0.539000,0.747000,0.000000,1.386000,34142.700000
0.001100,3.402000,3.377000,0.539000,0.747000,0.000000,1.386000,34142.700000
0.001124,3.402000,3.377000,0.539000,0.747000,0.000000,1.386000,34142.700000
0.001148,3.402000,3.377000,0.539000,0.747000,0.000000,1.386000,34142.700000
0.001168,3.402000,3.377000,0.539000,0.747000,0.000000,1.386000,34142.700000
0.001196,3.402000,3.377000,0.539000,0.747000,0.000000,1.386000,34142.700000
0.001216,3.407000,3.377000,0.539000,0.747000,0.000000,1.386000,34142.700000
0.001240,3.402000,3.377000,0.539000,0.747000,0.000000,1.386000,34142.700000
0.001264,3.407000,3.377000,0.539000,0.747000,0.000000,1.386000,34142.700000
0.001288,3.402000,3.377000,0.539000,0.747000,0.000000,1.386000,34142.700000
0.001312,3.402000,3.377000,0.539000,0.747000,0.000000,1.386000,34142.700000
0.001336,3.402000,3.377000,0.539000,0.747000,0.000000,1.386000,34142.700000
0.001360,3.402000,3.377000,0.539000,0.747000,0.000000,1.386000,34142.700000
0.001384,3.402000,3.377000,0.539000,0.747000,0.000000,1.386000,34142.700000
0.001408,3.402000,3.377000,0.539000,0.747000,0.000000,1.386000,34142.700000
0.001432,3.402000,3.377000,0.539000,0.747000,0.000000,1.386000,34142.700000
0.001456,3.402000,3.377000,0.539000,0.747000,0.000000,1.386000,34142.700000
0.001480,3.402000,3.377000,0.539000,0.747000,0.000000,1.386000,34142.700000
0.001504,3.402000,3.377000,0.539000,0.747000,0.000000,1.386000,34142.700000
0.001528,3.407000,3.377000,0.539000,0.747000,0.000000,1.386000,34142.700000
0.001548,3.402000,3.377000,0.539000,0.747000,0.000000,1.386000,34142.700000
0.001576,3.407000,3.377000,0.539000,0.747000,0.000000,1.386000,34142.700000
0.001596,3.402000,3.377000,0.539000,0.747000,0.000000,1.386000,34142.700000
0.001620,3.402000,3.377000,0.539000,0.747000,0.000000,1.386000,34142.700000
0.001644,3.402000,3.377000,0.539000,0.747000,0.000000,1.386000,34142.700000
0.001668,3.402000,3.377000,0.539000,0.747000,0.000000,1.386000,34142.700000
0.001692,3.402000,3.377000,0.539000,0.747000,0.000000,1.386000,34142.700000
0.001716,3.402000,3.377000,0.539000,0.747000,0.000000,1.386000,34142.700000
0.001748,3.407000,3.377000,0.539000,0.747000,0.000000,1.386000,34142.700000
0.001768,3.402000,3.377000,0.539000,0.747000,0.000000,1.386000,34142.700000
0.001792,3.402000,3.377000,0.539000,0.747000,0.000000,1.386000,34142.700000
0.001816,3.402000,3.377000,0.539000,0.747000,0.000000,1.386000,34142.700000
0.001840,3.402000,3.377000,0.539000,0.747000,0.000000,1.386000,34142.700000
0.001864,3.402000,3.377000,0.539000,0.747000,0.000000,1.386000,34142.700000
0.001888,3.402000,3.377000,0.539000,0.747000,0.000000,1.386000,34142.700000
0.001912,3.402000,3.377000,0.539000,0.747000,0.000000,1.386000,34142.700000
0.001936,3.402000,3.377000,0.539000,0.747000,0.000000,1.386000,34142.700000
0.001960,3.407000,3.377000,0.539000,0.747000,0.000000,1.386000,34142.700000
0.001984,3.402000,3.377000,0.539000,0.747000,0.000000,1.386000,34142.700000
0.002008,3.407000,3.377000,0.539000,0.747000,0.000000,1.386000,34142.700000
0.002032,3.407000,3.377000,0.539000,0.747000,0.000000,1.386000,34142.700000
0.002056,3.407000,3.377000,0.539000,0.747000,0.000000,1.386000,34142.700000
0.002080,3.402000,3.377000,0.539000,0.747000,0.000000,1.386000,34142.700000
0.002100,3.402000,3.377000,0.539000,0.747000,0.000000,1.386000,34142.700000
0.002128,3.402000,3.377000,0.539000,0.747000,0.000000,1.386000,34142.700000
0.002148,3.407000,3.377000,0.539000,0.747000,0.000000,1.386000,34142.700000
0.002172,3.402000,3.377000,0.539000,0.747000,0.000000,1.386000,34142.700000
0.002196,3.402000,3.377000,0.539000,0.747000,0.000000,1.386000,34142.700000
0.002220,3.402000,3.377000,0.539000,0.747000,0.000000,1.386000,34142.700000
0.002244,3.407000,3.377000,0.539000,0.747000,0.000000,1.386000,34142.700000
0.002268,3.402000,3.377000,0.539000,0.747000,0.000000,1.386000,34142.700000
0.002292,3.402000,3.377000,0.539000,0.747000,0.000000,1.386000,34142.700000
0.002316,3.402000,3.377000,0.539000,0.747000,0.000000,1.386000,34142.700000
0.002340,3.402000,3.377000,0.539000,0.747000,0.000000,1.386000,34142.700000
0.002364,3.402000,3.377000,0.539000,0.747000,0.000000,1.386000,34142.700000
0.002388,3.402000,3.377000,0.539000,0.747000,0.000000,1.386000,34142.700000
0.002412,3.402000,3.377000,0.539000,0.747000,0.000000,1.386000,34142.700000
0.002436,3.402000,3.377000,0.539000,0.747000,0.000000,1.386000,34142.700000
0.002460,3.402000,3.377000,0.539000,0.747000,0.000000,1.386000,34142.700000
0.002480,3.402000,3.377000,0.539000,0.747000,0.000000,1.386000,34142.700000
0.002508,3.407000,3.377000,0.539000,0.747000,0.000000,1.386000,34142.700000
0.002528,3.402000,3.377000,0.539000,0.747000,0.000000,1.386000,34142.700000
0.002552,3.407000,3.377000,0.539000,0.747000,0.000000,1.386000,34142.700000
0.002576,3.402000,3.377000,0.539000,0.747000,0.000000,1.386000,34142.700000
0.002600,3.402000,3.377000,0.539000,0.747000,0.000000,1.386000,34142.700000
0.002624,3.402000,3.377000,0.539000,0.747000,0.000000,1.386000,34142.700000
0.002648,3.402000,3.377000,0.539000,0.747000,0.000000,1.386000,34142.700000
0.002672,3.402000,3.377000,0.539000,0.747000,0.000000,1.386000,34142.700000
0.002696,3.402000,3.377000,0.539000,0.747000,0.000000,1.386000,34142.700000
0.002720,3.402000,3.377000,0.539000,0.747000,0.000000,1.386000,34142.700000
0.002748,3.402000,3.377000,0.539000,0.747000,0.000000,1.386000,34142.700000
0.002772,3.402000,3.377000,0.539000,0.747000,0.000000,1.386000,34142.700000
0.002796,3.402000,3.377000,0.539000,0.747000,0.000000,1.386000,34142.700000
0.002820,3.402000,3.377000,0.539000,0.747000,0.000000,1.386000,34142.700000
0.002844,3.402000,3.377000,0.539000,0.747000,0.000000,1.386000,34142.700000
0.002868,3.402000,3.377000,0.539000,0.747000,0.000000,1.386000,34142.700000
0.002892,3.402000,3.377000,0.539000,0.747000,0.000000,1.386000,34142.700000
0.002916,3.402000,3.377000,0.539000,0.747000,0.000000,1.386000,34142.700000
0.002940,3.402000,3.377000,0.539000,0.747000,0.000000,1.386000,34142.700000
0.002964,3.402000,3.377000,0.539000,0.747000,0.000000,1.386000,34142.700000
0.002988,3.402000,3.377000,0.539000,0.747000,0.000000,1.386000,34142.700000
0.003012,3.402000,3.377000,0.539000,0.747000,0.000000,1.386000,34142.700000
0.003032,3.402000,3.377000,0.539000,0.747000,0.000000,1.386000,34142.700000
0.003060,3.402000,3.377000,0.539000,0.747000,0.000000,1.386000,34142.700000
0.003080,3.402000,3.377000,0.539000,0.747000,0.000000,1.386000,34142.700000
0.003104,3.402000,3.377000,0.539000,0.747000,0.000000,1.386000,34142.700000
0.000024,3.402000,3.016000,0.749000,0.749000,1358.700000,0.999000,2079514624.000000
0.000048,3.402000,3.245000,0.749000,0.749000,1358.700000,0.999000,2079514624.000000
0.000072,3.402000,3.319000,0.749000,0.749000,1358.700000,0.999000,2079514624.000000
0.000096,3.402000,3.363000,0.749000,0.749000,1358.700000,0.999000,2079514624.000000
0.000120,3.402000,3.368000,0.749000,0.749000,1358.700000,0.999000,2079514624.000000
0.000144,3.402000,3.368000,0.749000,0.749000,1358.700000,0.999000,2079514624.000000
0.000164,3.402000,3.377000,0.749000,0.749000,1358.700000,0.999000,2079514624.000000
0.000192,3.402000,3.377000,0.749000,0.749000,1358.700000,0.999000,2079514624.000000
0.000212,3.402000,3.377000,0.749000,0.749000,1358.700000,0.999000,2079514624.000000
0.000236,3.402000,3.377000,0.749000,0.749000,1358.700000,0.999000,2079514624.000000
0.000260,3.402000,3.377000,0.749000,0.749000,1358.700000,0.999000,2079514624.000000
0.000284,3.402000,3.377000,0.749000,0.749000,1358.700000,0.999000,2079514624.000000
0.000308,3.402000,3.377000,0.749000,0.749000,1358.700000,0.999000,2079514624.000000
0.000332,3.402000,3.377000,0.749000,0.749000,1358.700000,0.999000,2079514624.000000
0.000356,3.402000,3.377000,0.749000,0.749000,1358.700000,0.999000,2079514624.000000
0.000380,3.402000,3.377000,0.749000,0.749000,1358.700000,0.999000,2079514624.000000
0.000404,3.402000,3.377000,0.749000,0.749000,1358.700000,0.999000,2079514624.000000
0.000428,3.402000,3.377000,0.749000,0.749000,1358.700000,0.999000,2079514624.000000
0.000452,3.402000,3.377000,0.749000,0.749000,1358.700000,0.999000,2079514624.000000
0.000476,3.402000,3.377000,0.749000,0.749000,1358.700000,0.999000,2079514624.000000
0.000500,3.402000,3.377000,0.749000,0.749000,1358.700000,0.999000,2079514624.000000
0.000524,3.402000,3.377000,0.749000,0.749000,1358.700000,0.999000,2079514624.000000
0.000544,3.402000,3.377000,0.749000,0.749000,1358.700000,0.999000,2079514624.000000
0.000572,3.402000,3.377000,0.749000,0.749000,1358.700000,0.999000,2079514624.000000
0.000592,3.402000,3.377000,0.749000,0.749000,1358.700000,0.999000,2079514624.000000
0.000616,3.402000,3.377000,0.749000,0.749000,1358.700000,0.999000,2079514624.000000
0.000640,3.402000,3.377000,0.749000,0.749000,1358.700000,0.999000,2079514624.000000
0.000668,3.402000,3.377000,0.749000,0.749000,1358.700000,0.999000,2079514624.000000
0.000692,3.402000,3.377000,0.749000,0.749000,1358.700000,0.999000,2079514624.000000
0.000716,3.402000,3.377000,0.749000,0.749000,1358.700000,0.999000,2079514624.000000
0.000736,3.402000,3.377000,0.749000,0.749000,1358.700000,0.999000,2079514624.000000
0.000764,3.402000,3.377000,0.749000,0.749000,1358.700000,0.999000,2079514624.000000
0.000784,3.402000,3.377000,0.749000,0.749000,1358.700000,0.999000,2079514624.000000
0.000808,3.402000,3.377000,0.749000,0.749000,1358.700000,0.999000,2079514624.000000
0.000832,3.402000,3.377000,0.749000,0.749000,1358.700000,0.999000,2079514624.000000
0.000856,3.402000,3.377000,0.749000,0.749000,1358.700000,0.999000,2079514624.000000
0.000880,3.402000,3.377000,0.749000,0.749000,1358.700000,0.999000,2079514624.000000
0.000904,3.402000,3.377000,0.749000,0.749000,1358.700000,0.999000,2079514624.000000
0.000928,3.402000,3.377000,0.749000,0.749000,1358.700000,0.999000,2079514624.000000
0.000952,3.402000,3.377000,0.749000,0.749000,1358.700000,0.999000,2079514624.000000
0.000976,3.402000,3.377000,0.749000,0.749000,1358.700000,0.999000,2079514624.000000
0.001000,3.402000,3.377000,0.749000,0.749000,1358.700000,0.999000,2079514624.000000
0.001024,3.402000,3.377000,0.749000,0.749000,1358.700000,0.999000,2079514624.000000
0.001048,3.402000,3.377000,0.749000,0.749000,1358.700000,0.999000,2079514624.000000
0.001072,3.402000,3.377000,0.749000,0.749000,1358.700000,0.999000,2079514624.000000
0.001096,3.402000,3.377000,0.749000,0.749000,1358.700000,0.999000,2079514624.000000
0.001116,3.402000,3.377000,0.749000,0.749000,1358.700000,0.999000,2079514624.000000
0.001144,3.402000,3.377000,0.749000,0.749000,1358.700000,0.999000,2079514624.000000
0.001164,3.402000,3.377000,0.749000,0.749000,1358.700000,0.999000,2079514624.000000
0.001188,3.402000,3.377000,0.749000,0.749000,1358.700000,0.999000,2079514624.000000
0.001212,3.402000,3.377000,0.749000,0.749000,1358.700000,0.999000,2079514624.000000
0.001236,3.402000,3.377000,0.749000,0.749000,1358.700000,0.999000,2079514624.000000
0.001260,3.402000,3.377000,0.749000,0.749000,1358.700000,0.999000,2079514624.000000
0.001284,3.402000,3.377000,0.749000,0.749000,1358.700000,0.999000,2079514624.000000
0.001308,3.402000,3.377000,0.749000,0.749000,1358.700000,0.999000,2079514624.000000
0.001332,3.402000,3.377000,0.749000,0.749000,1358.700000,0.999000,2079514624.000000
0.001356,3.402000,3.377000,0.749000,0.749000,1358.700000,0.999000,2079514624.000000
0.001380,3.402000,3.377000,0.749000,0.749000,1358.700000,0.999000,2079514624.000000
0.001404,3.407000,3.377000,0.749000,0.749000,1358.700000,0.999000,2079514624.000000
0.001428,3.402000,3.377000,0.749000,0.749000,1358.700000,0.999000,2079514624.000000
0.001452,3.402000,3.377000,0.749000,0.749000,1358.700000,0.999000,2079514624.000000
0.001476,3.402000,3.377000,0.749000,0.749000,1358.700000,0.999000,2079514624.000000
0.001496,3.402000,3.377000,0.749000,0.749000,1358.700000,0.999000,2079514624.000000
0.001524,3.402000,3.377000,0.749000,0.749000,1358.700000,0.999000,2079514624.000000
0.001544,3.402000,3.377000,0.749000,0.749000,1358.700000,0.999000,2079514624.000000
0.001568,3.402000,3.377000,0.749000,0.749000,1358.700000,0.999000,2079514624.000000
0.001592,3.402000,3.377000,0.749000,0.749000,1358.700000,0.999000,2079514624.000000
0.001616,3.402000,3.377000,0.749000,0.749000,1358.700000,0.999000,2079514624.000000
0.001640,3.402000,3.377000,0.749000,0.749000,1358.700000,0.999000,2079514624.000000
0.001664,3.402000,3.377000,0.749000,0.749000,1358.700000,0.999000,2079514624.000000
0.001692,3.402000,3.377000,0.749000,0.749000,1358.700000,0.999000,2079514624.000000
0.001716,3.402000,3.377000,0.749000,0.749000,1358.700000,0.999000,2079514624.000000
0.001736,3.402000,3.377000,0.749000,0.749000,1358.700000,0.999000,2079514624.000000
0.001760,3.402000,3.377000,0.749000,0.749000,1358.700000,0.999000,2079514624.000000
0.001784,3.402000,3.377000,0.749000,0.749000,1358.700000,0.999000,2079514624.000000
0.001808,3.402000,3.377000,0.749000,0.749000,1358.700000,0.999000,2079514624.000000
0.001832,3.402000,3.377000,0.749000,0.749000,1358.700000,0.999000,2079514624.000000
0.001856,3.402000,3.377000,0.749000,0.749000,1358.700000,0.999000,2079514624.000000
0.001880,3.402000,3.377000,0.749000,0.749000,1358.700000,0.999000,2079514624.000000
0.001904,3.402000,3.377000,0.749000,0.749000,1358.700000,0.999000,2079514624.000000
0.001928,3.402000,3.377000,0.749000,0.749000,1358.700000,0.999000,2079514624.000000
0.001952,3.402000,3.377000,0.749000,0.749000,1358.700000,0.999000,2079514624.000000
0.001976,3.402000,3.377000,0.749000,0.749000,1358.700000,0.999000,2079514624.000000
0.002000,3.402000,3.377000,0.749000,0.749000,1358.700000,0.999000,2079514624.000000
0.002024,3.402000,3.377000,0.749000,0.749000,1358.700000,0.999000,2079514624.000000
0.002048,3.402000,3.377000,0.749000,0.749000,1358.700000,0.999000,2079514624.000000
0.002068,3.402000,3.377000,0.749000,0.749000,1358.700000,0.999000,2079514624.000000
0.002096,3.402000,3.377000,0.749000,0.749000,1358.700000,0.999000,2079514624.000000
0.002116,3.402000,3.377000,0.749000,0.749000,1358.700000,0.999000,2079514624.000000
0.002140,3.407000,3.377000,0.749000,0.749000,1358.700000,0.999000,2079514624.000000
0.002164,3.402000,3.377000,0.749000,0.749000,1358.700000,0.999000,2079514624.000000
0.002188,3.402000,3.377000,0.749000,0.749000,1358.700000,0.999000,2079514624.000000
0.002212,3.402000,3.377000,0.749000,0.749000,1358.700000,0.999000,2079514624.000000
0.002236,3.402000,3.377000,0.749000,0.749000,1358.700000,0.999000,2079514624.000000
0.002260,3.402000,3.377000,0.749000,0.749000,1358.700000,0.999000,2079514624.000000
0.002284,3.402000,3.377000,0.749000,0.749000,1358.700000,0.999000,2079514624.000000
0.002308,3.402000,3.377000,0.749000,0.749000,1358.700000,0.999000,2079514624.000000
0.002332,3.402000,3.377000,0.749000,0.749000,1358.700000,0.999000,2079514624.000000
0.002356,3.402000,3.377000,0.749000,0.749000,1358.700000,0.999000,2079514624.000000
0.002380,3.402000,3.377000,0.749000,0.749000,1358.700000,0.999000,2079514624.000000
0.002404,3.407000,3.377000,0.749000,0.749000,1358.700000,0.999000,2079514624.000000
0.002428,3.402000,3.377000,0.749000,0.749000,1358.700000,0.999000,2079514624.000000
0.002448,3.402000,3.377000,0.749000,0.749000,1358.700000,0.999000,2079514624.000000
0.002476,3.402000,3.377000,0.749000,0.749000,1358.700000,0.999000,2079514624.000000
0.002496,3.402000,3.377000,0.749000,0.749000,1358.700000,0.999000,2079514624.000000
0.002520,3.402000,3.377000,0.749000,0.749000,1358.700000,0.999000,2079514624.000000
0.002544,3.402000,3.377000,0.749000,0.749000,1358.700000,0.999000,2079514624.000000
0.002568,3.402000,3.377000,0.749000,0.749000,1358.700000,0.999000,2079514624.000000
0.002592,3.407000,3.377000,0.749000,0.749000,1358.700000,0.999000,2079514624.000000
0.002616,3.402000,3.377000,0.749000,0.749000,1358.700000,0.999000,2079514624.000000
0.002640,3.402000,3.377000,0.749000,0.749000,1358.700000,0.999000,2079514624.000000
0.002664,3.407000,3.377000,0.749000,0.749000,1358.700000,0.999000,2079514624.000000
0.002688,3.402000,3.377000,0.749000,0.749000,1358.700000,0.999000,2079514624.000000
0.002716,3.402000,3.377000,0.749000,0.749000,1358.700000,0.999000,2079514624.000000
0.002736,3.402000,3.377000,0.749000,0.749000,1358.700000,0.999000,2079514624.000000
0.002760,3.402000,3.377000,0.749000,0.749000,1358.700000,0.999000,2079514624.000000
0.002784,3.402000,3.377000,0.749000,0.749000,1358.700000,0.999000,2079514624.000000
0.002808,3.402000,3.377000,0.749000,0.749000,1358.700000,0.999000,2079514624.000000
0.002832,3.402000,3.377000,0.749000,0.749000,1358.700000,0.999000,2079514624.000000
0.002856,3.402000,3.377000,0.749000,0.749000,1358.700000,0.999000,2079514624.000000
0.002880,3.402000,3.377000,0.749000,0.749000,1358.700000,0.999000,2079514624.000000
0.002904,3.402000,3.377000,0.749000,0.749000,1358.700000,0.999000,2079514624.000000
0.002928,3.407000,3.377000,0.749000,0.749000,1358.700000,0.999000,2079514624.000000
0.002952,3.402000,3.377000,0.749000,0.749000,1358.700000,0.999000,2079514624.000000
0.002976,3.402000,3.377000,0.749000,0.749000,1358.700000,0.999000,2079514624.000000
0.003000,3.402000,3.377000,0.749000,0.749000,1358.700000,0.999000,2079514624.000000
0.003020,3.402000,3.377000,0.749000,0.749000,1358.700000,0.999000,2079514624.000000
0.003048,3.402000,3.377000,0.749000,0.749000,1358.700000,0.999000,2079514624.000000
0.003068,3.402000,3.377000,0.749000,0.749000,1358.700000,0.999000,2079514624.000000
0.003092,3.402000,3.377000,0.749000,0.749000,1358.700000,0.999000,2079514624.000000
0.000024,3.402000,3.030000,0.912000,0.744000,0.000000,0.815000,34142.700000
0.000044,3.407000,3.245000,0.912000,0.744000,0.000000,0.815000,34142.700000
0.000068,3.407000,3.328000,0.912000,0.744000,0.000000,0.815000,34142.700000
0.000092,3.407000,3.363000,0.912000,0.744000,0.000000,0.815000,34142.700000
0.000116,3.407000,3.377000,0.912000,0.744000,0.000000,0.815000,34142.700000
0.000140,3.407000,3.377000,0.912000,0.744000,0.000000,0.815000,34142.700000
0.000164,3.407000,3.377000,0.912000,0.744000,0.000000,0.815000,34142.700000
0.000188,3.407000,3.377000,0.912000,0.744000,0.000000,0.815000,34142.700000
0.000212,3.407000,3.377000,0.912000,0.744000,0.000000,0.815000,34142.700000
0.000236,3.407000,3.377000,0.912000,0.744000,0.000000,0.815000,34142.700000
0.000260,3.407000,3.377000,0.912000,0.744000,0.000000,0.815000,34142.700000
0.000284,3.407000,3.382000,0.912000,0.744000,0.000000,0.815000,34142.700000
0.000308,3.407000,3.377000,0.912000,0.744000,0.000000,0.815000,34142.700000
0.000332,3.407000,3.377000,0.912000,0.744000,0.000000,0.815000,34142.700000
0.000356,3.407000,3.377000,0.912000,0.744000,0.000000,0.815000,34142.700000
0.000376,3.407000,3.377000,0.912000,0.744000,0.000000,0.815000,34142.700000
0.000404,3.407000,3.377000,0.912000,0.744000,0.000000,0.815000,34142.700000
0.000424,3.407000,3.377000,0.912000,0.744000,0.000000,0.815000,34142.700000
0.000448,3.407000,3.377000,0.912000,0.744000,0.000000,0.815000,34142.700000
0.000472,3.407000,3.377000,0.912000,0.744000,0.000000,0.815000,34142.700000
0.000496,3.407000,3.382000,0.912000,0.744000,0.000000,0.815000,34142.700000
0.000520,3.407000,3.377000,0.912000,0.744000,0.000000,0.815000,34142.700000
0.000544,3.407000,3.377000,0.912000,0.744000,0.000000,0.815000,34142.700000
0.000568,3.407000,3.377000,0.912000,0.744000,0.000000,0.815000,34142.700000
0.000592,3.407000,3.377000,0.912000,0.744000,0.000000,0.815000,34142.700000
0.000616,3.407000,3.377000,0.912000,0.744000,0.000000,0.815000,34142.700000
0.000640,3.407000,3.377000,0.912000,0.744000,0.000000,0.815000,34142.700000
0.000664,3.407000,3.377000,0.912000,0.744000,0.000000,0.815000,34142.700000
0.000688,3.407000,3.377000,0.912000,0.744000,0.000000,0.815000,34142.700000
0.000712,3.407000,3.377000,0.912000,0.744000,0.000000,0.815000,34142.700000
0.000736,3.407000,3.377000,0.912000,0.744000,0.000000,0.815000,34142.700000
0.000760,3.407000,3.382000,0.912000,0.744000,0.000000,0.815000,34142.700000
0.000784,3.407000,3.377000,0.912000,0.744000,0.000000,0.815000,34142.700000
0.000808,3.407000,3.377000,0.912000,0.744000,0.000000,0.815000,34142.700000
0.000832,3.407000,3.377000,0.912000,0.744000,0.000000,0.815000,34142.700000
0.000856,3.407000,3.377000,0.912000,0.744000,0.000000,0.815000,34142.700000
0.000880,3.407000,3.377000,0.912000,0.744000,0.000000,0.815000,34142.700000
0.000904,3.407000,3.377000,0.912000,0.744000,0.000000,0.815000,34142.700000
0.000928,3.407000,3.377000,0.912000,0.744000,0.000000,0.815000,34142.700000
0.000948,3.407000,3.377000,0.912000,0.744000,0.000000,0.815000,34142.700000
0.000976,3.407000,3.382000,0.912000,0.744000,0.000000,0.815000,34142.700000
0.000996,3.407000,3.377000,0.912000,0.744000,0.000000,0.815000,34142.700000
0.001020,3.407000,3.382000,0.912000,0.744000,0.000000,0.815000,34142.700000
0.001044,3.407000,3.382000,0.912000,0.744000,0.000000,0.815000,34142.700000
0.001068,3.407000,3.382000,0.912000,0.744000,0.000000,0.815000,34142.700000
0.001092,3.407000,3.377000,0.912000,0.744000,0.000000,0.815000,34142.700000
0.001116,3.407000,3.377000,0.912000,0.744000,0.000000,0.815000,34142.700000
0.001140,3.407000,3.377000,0.912000,0.744000,0.000000,0.815000,34142.700000
0.001164,3.407000,3.377000,0.912000,0.744000,0.000000,0.815000,34142.700000
0.001188,3.407000,3.377000,0.912000,0.744000,0.000000,0.815000,34142.700000
0.001212,3.407000,3.377000,0.912000,0.744000,0.000000,0.815000,34142.700000
0.001236,3.407000,3.377000,0.912000,0.744000,0.000000,0.815000,34142.700000
0.001260,3.407000,3.377000,0.912000,0.744000,0.000000,0.815000,34142.700000
0.001284,3.407000,3.382000,0.912000,0.744000,0.000000,0.815000,34142.700000
0.001308,3.407000,3.377000,0.912000,0.744000,0.000000,0.815000,34142.700000
0.001328,3.407000,3.377000,0.912000,0.744000,0.000000,0.815000,34142.700000
0.001356,3.407000,3.377000,0.912000,0.744000,0.000000,0.815000,34142.700000
0.001376,3.407000,3.377000,0.912000,0.744000,0.000000,0.815000,34142.700000
0.001400,3.407000,3.377000,0.912000,0.744000,0.000000,0.815000,34142.700000
0.001424,3.407000,3.377000,0.912000,0.744000,0.000000,0.815000,34142.700000
0.001448,3.407000,3.377000,0.912000,0.744000,0.000000,0.815000,34142.700000
0.001472,3.407000,3.377000,0.912000,0.744000,0.000000,0.815000,34142.700000
0.001496,3.407000,3.377000,0.912000,0.744000,0.000000,0.815000,34142.700000
0.001520,3.407000,3.377000,0.912000,0.744000,0.000000,0.815000,34142.700000
0.001544,3.407000,3.377000,0.912000,0.744000,0.000000,0.815000,34142.700000
0.001568,3.407000,3.377000,0.912000,0.744000,0.000000,0.815000,34142.700000
0.001592,3.407000,3.382000,0.912000,0.744000,0.000000,0.815000,34142.700000
0.001616,3.407000,3.377000,0.912000,0.744000,0.000000,0.815000,34142.700000
0.001640,3.407000,3.377000,0.912000,0.744000,0.000000,0.815000,34142.700000
0.001664,3.407000,3.377000,0.912000,0.744000,0.000000,0.815000,34142.700000
0.001688,3.407000,3.377000,0.912000,0.744000,0.000000,0.815000,34142.700000
0.001708,3.407000,3.377000,0.912000,0.744000,0.000000,0.815000,34142.700000
0.001736,3.407000,3.377000,0.912000,0.744000,0.000000,0.815000,34142.700000
0.001756,3.407000,3.382000,0.912000,0.744000,0.000000,0.815000,34142.700000
0.001784,3.407000,3.377000,0.912000,0.744000,0.000000,0.815000,34142.700000
0.001808,3.407000,3.382000,0.912000,0.744000,0.000000,0.815000,34142.700000
0.001832,3.407000,3.382000,0.912000,0.744000,0.000000,0.815000,34142.700000
0.001856,3.407000,3.382000,0.912000,0.744000,0.000000,0.815000,34142.700000
0.001880,3.407000,3.382000,0.912000,0.744000,0.000000,0.815000,34142.700000
0.001900,3.407000,3.377000,0.912000,0.744000,0.000000,0.815000,34142.700000
0.001928,3.407000,3.377000,0.912000,0.744000,0.000000,0.815000,34142.700000
0.001948,3.407000,3.377000,0.912000,0.744000,0.000000,0.815000,34142.700000
0.001972,3.407000,3.382000,0.912000,0.744000,0.000000,0.815000,34142.700000
0.001996,3.407000,3.377000,0.912000,0.744000,0.000000,0.815000,34142.700000
0.002020,3.407000,3.392000,0.912000,0.744000,0.000000,0.815000,34142.700000
0.002044,3.407000,3.382000,0.912000,0.744000,0.000000,0.815000,34142.700000
0.002068,3.407000,3.392000,0.912000,0.744000,0.000000,0.815000,34142.700000
0.002092,3.407000,3.382000,0.912000,0.744000,0.000000,0.815000,34142.700000
0.002116,3.407000,3.382000,0.912000,0.744000,0.000000,0.815000,34142.700000
0.002140,3.407000,3.377000,0.912000,0.744000,0.000000,0.815000,34142.700000
0.002164,3.407000,3.377000,0.912000,0.744000,0.000000,0.815000,34142.700000
0.002188,3.407000,3.377000,0.912000,0.744000,0.000000,0.815000,34142.700000
0.002212,3.407000,3.377000,0.912000,0.744000,0.000000,0.815000,34142.700000
0.002236,3.407000,3.377000,0.912000,0.744000,0.000000,0.815000,34142.700000
0.002260,3.407000,3.377000,0.912000,0.744000,0.000000,0.815000,34142.700000
0.002280,3.407000,3.377000,0.912000,0.744000,0.000000,0.815000,34142.700000
0.002308,3.407000,3.377000,0.912000,0.744000,0.000000,0.815000,34142.700000
0.002328,3.407000,3.377000,0.912000,0.744000,0.000000,0.815000,34142.700000
0.002352,3.402000,3.377000,0.912000,0.744000,0.000000,0.815000,34142.700000
0.002376,3.407000,3.377000,0.912000,0.744000,0.000000,0.815000,34142.700000
0.002400,3.402000,3.377000,0.912000,0.744000,0.000000,0.815000,34142.700000
0.002424,3.407000,3.377000,0.912000,0.744000,0.000000,0.815000,34142.700000
0.002448,3.407000,3.377000,0.912000,0.744000,0.000000,0.815000,34142.700000
0.002472,3.407000,3.377000,0.912000,0.744000,0.000000,0.815000,34142.700000
0.002496,3.407000,3.377000,0.912000,0.744000,0.000000,0.815000,34142.700000
0.002520,3.402000,3.377000,0.912000,0.744000,0.000000,0.815000,34142.700000
0.002544,3.407000,3.377000,0.912000,0.744000,0.000000,0.815000,34142.700000
0.002568,3.402000,3.377000,0.912000,0.744000,0.000000,0.815000,34142.700000
0.002592,3.407000,3.382000,0.912000,0.744000,0.000000,0.815000,34142.700000
0.002616,3.402000,3.377000,0.912000,0.744000,0.000000,0.815000,34142.700000
0.002640,3.407000,3.377000,0.912000,0.744000,0.000000,0.815000,34142.700000
0.002660,3.407000,3.377000,0.912000,0.744000,0.000000,0.815000,34142.700000
0.002688,3.407000,3.377000,0.912000,0.744000,0.000000,0.815000,34142.700000
0.002708,3.407000,3.377000,0.912000,0.744000,0.000000,0.815000,34142.700000
0.002732,3.407000,3.377000,0.912000,0.744000,0.000000,0.815000,34142.700000
0.002756,3.407000,3.377000,0.912000,0.744000,0.000000,0.815000,34142.700000
0.002780,3.407000,3.377000,0.912000,0.744000,0.000000,0.815000,34142.700000
0.002808,3.407000,3.377000,0.912000,0.744000,0.000000,0.815000,34142.700000
0.002832,3.407000,3.377000,0.912000,0.744000,0.000000,0.815000,34142.700000
0.002856,3.407000,3.377000,0.912000,0.744000,0.000000,0.815000,34142.700000
0.002880,3.407000,3.377000,0.912000,0.744000,0.000000,0.815000,34142.700000
0.002904,3.407000,3.377000,0.912000,0.744000,0.000000,0.815000,34142.700000
0.002928,3.407000,3.377000,0.912000,0.744000,0.000000,0.815000,34142.700000
0.002952,3.407000,3.377000,0.912000,0.744000,0.000000,0.815000,34142.700000
0.002972,3.407000,3.377000,0.912000,0.744000,0.000000,0.815000,34142.700000
0.003000,3.407000,3.377000,0.912000,0.744000,0.000000,0.815000,34142.700000
0.003020,3.407000,3.377000,0.912000,0.744000,0.000000,0.815000,34142.700000
0.003044,3.402000,3.377000,0.912000,0.744000,0.000000,0.815000,34142.700000
0.003068,3.407000,3.377000,0.912000,0.744000,0.000000,0.815000,34142.700000
0.003092,3.402000,3.377000,0.912000,0.744000,0.000000,0.815000,34142.700000
