Channel 1,Channel 2,Channel 3,Channel 4,Channel 5,Channel 6,Channel 7,Channel 8
0.000036,3.407000,3.030000,0.166000,0.751000,0.000000,4.536000,33799.900000
0.000072,3.402000,3.245000,0.166000,0.751000,0.000000,4.536000,33799.900000
0.000108,3.407000,3.328000,0.166000,0.751000,0.000000,4.536000,33799.900000
0.000148,3.407000,3.363000,0.166000,0.751000,0.000000,4.536000,33799.900000
0.000184,3.407000,3.377000,0.166000,0.751000,0.000000,4.536000,33799.900000
0.000220,3.407000,3.377000,0.166000,0.751000,0.000000,4.536000,33799.900000
0.000256,3.407000,3.377000,0.166000,0.751000,0.000000,4.536000,33799.900000
0.000292,3.407000,3.377000,0.166000,0.751000,0.000000,4.536000,33799.900000
0.000328,3.407000,3.377000,0.166000,0.751000,0.000000,4.536000,33799.900000
0.000368,3.407000,3.377000,0.166000,0.751000,0.000000,4.536000,33799.900000
0.000404,3.402000,3.377000,0.166000,0.751000,0.000000,4.536000,33799.900000
0.000440,3.402000,3.377000,0.166000,0.751000,0.000000,4.536000,33799.900000
0.000476,3.402000,3.377000,0.166000,0.751000,0.000000,4.536000,33799.900000
0.000512,3.402000,3.377000,0.166000,0.751000,0.000000,4.536000,33799.900000
0.000548,3.402000,3.377000,0.166000,0.751000,0.000000,4.536000,33799.900000
0.000588,3.402000,3.377000,0.166000,0.751000,0.000000,4.536000,33799.900000
0.000624,3.402000,3.377000,0.166000,0.751000,0.000000,4.536000,33799.900000
0.000660,3.402000,3.377000,0.166000,0.751000,0.000000,4.536000,33799.900000
0.000696,3.402000,3.377000,0.166000,0.751000,0.000000,4.536000,33799.900000
0.000732,3.402000,3.377000,0.166000,0.751000,0.000000,4.536000,33799.900000
0.000768,3.402000,3.377000,0.166000,0.751000,0.000000,4.536000,33799.900000
0.000808,3.402000,3.377000,0.166000,0.751000,0.000000,4.536000,33799.900000
0.000844,3.402000,3.377000,0.166000,0.751000,0.000000,4.536000,33799.900000
0.000884,3.402000,3.377000,0.166000,0.751000,0.000000,4.536000,33799.900000
0.000920,3.402000,3.377000,0.166000,0.751000,0.000000,4.536000,33799.900000
0.000956,3.402000,3.377000,0.166000,0.751000,0.000000,4.536000,33799.900000
0.000996,3.402000,3.377000,0.166000,0.751000,0.000000,4.536000,33799.900000
0.001032,3.402000,3.377000,0.166000,0.751000,0.000000,4.536000,33799.900000
0.001068,3.402000,3.377000,0.166000,0.751000,0.000000,4.536000,33799.900000
0.001104,3.407000,3.377000,0.166000,0.751000,0.000000,4.536000,33799.900000
0.001140,3.407000,3.377000,0.166000,0.751000,0.000000,4.536000,33799.900000
0.001176,3.407000,3.377000,0.166000,0.751000,0.000000,4.536000,33799.900000
0.001216,3.407000,3.377000,0.166000,0.751000,0.000000,4.536000,33799.900000
0.001252,3.407000,3.377000,0.166000,0.751000,0.000000,4.536000,33799.900000
0.001288,3.407000,3.377000,0.166000,0.751000,0.000000,4.536000,33799.900000
0.001324,3.407000,3.377000,0.166000,0.751000,0.000000,4.536000,33799.900000
0.001360,3.407000,3.377000,0.166000,0.751000,0.000000,4.536000,33799.900000
0.001396,3.407000,3.382000,0.166000,0.751000,0.000000,4.536000,33799.900000
0.001436,3.407000,3.382000,0.166000,0.751000,0.000000,4.536000,33799.900000
0.001472,3.407000,3.382000,0.166000,0.751000,0.000000,4.536000,33799.900000
0.001508,3.407000,3.382000,0.166000,0.751000,0.000000,4.536000,33799.900000
0.001544,3.407000,3.382000,0.166000,0.751000,0.000000,4.536000,33799.900000
0.001580,3.407000,3.382000,0.166000,0.751000,0.000000,4.536000,33799.900000
0.001616,3.407000,3.382000,0.166000,0.751000,0.000000,4.536000,33799.900000
0.001656,3.407000,3.382000,0.166000,0.751000,0.000000,4.536000,33799.900000
0.001692,3.407000,3.382000,0.166000,0.751000,0.000000,4.536000,33799.900000
0.001728,3.407000,3.382000,0.166000,0.751000,0.000000,4.536000,33799.900000
0.001764,3.407000,3.382000,0.166000,0.751000,0.000000,4.536000,33799.900000
0.001800,3.407000,3.382000,0.166000,0.751000,0.000000,4.536000,33799.900000
0.001836,3.407000,3.382000,0.166000,0.751000,0.000000,4.536000,33799.900000
0.001876,3.407000,3.382000,0.166000,0.751000,0.000000,4.536000,33799.900000
0.001912,3.407000,3.382000,0.166000,0.751000,0.000000,4.536000,33799.900000
0.001948,3.407000,3.382000,0.166000,0.751000,0.000000,4.536000,33799.900000
0.001984,3.407000,3.382000,0.166000,0.751000,0.000000,4.536000,33799.900000
0.002020,3.407000,3.382000,0.166000,0.751000,0.000000,4.536000,33799.900000
0.002056,3.407000,3.382000,0.166000,0.751000,0.000000,4.536000,33799.900000
0.002092,3.407000,3.382000,0.166000,0.751000,0.000000,4.536000,33799.900000
0.002132,3.407000,3.382000,0.166000,0.751000,0.000000,4.536000,33799.900000
0.002168,3.407000,3.382000,0.166000,0.751000,0.000000,4.536000,33799.900000
0.002204,3.407000,3.382000,0.166000,0.751000,0.000000,4.536000,33799.900000
0.002240,3.407000,3.382000,0.166000,0.751000,0.000000,4.536000,33799.900000
0.002276,3.407000,3.382000,0.166000,0.751000,0.000000,4.536000,33799.900000
0.002312,3.407000,3.382000,0.166000,0.751000,0.000000,4.536000,33799.900000
0.002352,3.407000,3.382000,0.166000,0.751000,0.000000,4.536000,33799.900000
0.002388,3.407000,3.382000,0.166000,0.751000,0.000000,4.536000,33799.900000
0.002424,3.407000,3.382000,0.166000,0.751000,0.000000,4.536000,33799.900000
0.002460,3.407000,3.382000,0.166000,0.751000,0.000000,4.536000,33799.900000
0.002496,3.407000,3.382000,0.166000,0.751000,0.000000,4.536000,33799.900000
0.002532,3.407000,3.382000,0.166000,0.751000,0.000000,4.536000,33799.900000
0.002572,3.407000,3.382000,0.166000,0.751000,0.000000,4.536000,33799.900000
0.002608,3.407000,3.382000,0.166000,0.751000,0.000000,4.536000,33799.900000
0.002644,3.407000,3.382000,0.166000,0.751000,0.000000,4.536000,33799.900000
0.002680,3.407000,3.382000,0.166000,0.751000,0.000000,4.536000,33799.900000
0.002716,3.407000,3.382000,0.166000,0.751000,0.000000,4.536000,33799.900000
0.002752,3.407000,3.382000,0.166000,0.751000,0.000000,4.536000,33799.900000
0.002792,3.407000,3.382000,0.166000,0.751000,0.000000,4.536000,33799.900000
0.002828,3.407000,3.382000,0.166000,0.751000,0.000000,4.536000,33799.900000
0.002864,3.407000,3.382000,0.166000,0.751000,0.000000,4.536000,33799.900000
0.002900,3.407000,3.377000,0.166000,0.751000,0.000000,4.536000,33799.900000
0.002940,3.407000,3.377000,0.166000,0.751000,0.000000,4.536000,33799.900000
0.002976,3.407000,3.377000,0.166000,0.751000,0.000000,4.536000,33799.900000
0.003012,3.407000,3.382000,0.166000,0.751000,0.000000,4.536000,33799.900000
0.003048,3.407000,3.382000,0.166000,0.751000,0.000000,4.536000,33799.900000
0.003084,3.407000,3.382000,0.166000,0.751000,0.000000,4.536000,33799.900000
0.003120,3.407000,3.382000,0.166000,0.751000,0.000000,4.536000,33799.900000
0.003160,3.407000,3.377000,0.166000,0.751000,0.000000,4.536000,33799.900000
0.003196,3.407000,3.377000,0.166000,0.751000,0.000000,4.536000,33799.900000
0.003232,3.407000,3.377000,0.166000,0.751000,0.000000,4.536000,33799.900000
0.003268,3.407000,3.377000,0.166000,0.751000,0.000000,4.536000,33799.900000
0.003304,3.407000,3.382000,0.166000,0.751000,0.000000,4.536000,33799.900000
0.003340,3.407000,3.382000,0.166000,0.751000,0.000000,4.536000,33799.900000
0.003380,3.407000,3.382000,0.166000,0.751000,0.000000,4.536000,33799.900000
0.003416,3.407000,3.382000,0.166000,0.751000,0.000000,4.536000,33799.900000
0.003452,3.407000,3.382000,0.166000,0.751000,0.000000,4.536000,33799.900000
0.003488,3.407000,3.382000,0.166000,0.751000,0.000000,4.536000,33799.900000
0.003524,3.407000,3.382000,0.166000,0.751000,0.000000,4.536000,33799.900000
0.003560,3.407000,3.382000,0.166000,0.751000,0.000000,4.536000,33799.900000
0.003600,3.407000,3.382000,0.166000,0.751000,0.000000,4.536000,33799.900000
0.003636,3.407000,3.382000,0.166000,0.751000,0.000000,4.536000,33799.900000
0.003672,3.407000,3.382000,0.166000,0.751000,0.000000,4.536000,33799.900000
0.003708,3.407000,3.382000,0.166000,0.751000,0.000000,4.536000,33799.900000
0.003744,3.407000,3.382000,0.166000,0.751000,0.000000,4.536000,33799.900000
0.003780,3.407000,3.382000,0.166000,0.751000,0.000000,4.536000,33799.900000
0.003820,3.407000,3.382000,0.166000,0.751000,0.000000,4.536000,33799.900000
0.003856,3.407000,3.382000,0.166000,0.751000,0.000000,4.536000,33799.900000
0.003892,3.412000,3.382000,0.166000,0.751000,0.000000,4.536000,33799.900000
0.003928,3.407000,3.382000,0.166000,0.751000,0.000000,4.536000,33799.900000
0.003972,3.412000,3.382000,0.166000,0.751000,0.000000,4.536000,33799.900000
0.004008,3.412000,3.382000,0.166000,0.751000,0.000000,4.536000,33799.900000
0.004044,3.412000,3.387000,0.166000,0.751000,0.000000,4.536000,33799.900000
0.004080,3.416000,3.387000,0.166000,0.751000,0.000000,4.536000,33799.900000
0.004116,3.416000,3.392000,0.166000,0.751000,0.000000,4.536000,33799.900000
0.004156,3.416000,3.392000,0.166000,0.751000,0.000000,4.536000,33799.900000
0.004192,3.421000,3.392000,0.166000,0.751000,0.000000,4.536000,33799.900000
0.004228,3.416000,3.392000,0.166000,0.751000,0.000000,4.536000,33799.900000
0.004264,3.416000,3.392000,0.166000,0.751000,0.000000,4.536000,33799.900000
0.004300,3.416000,3.392000,0.166000,0.751000,0.000000,4.536000,33799.900000
0.004336,3.416000,3.392000,0.166000,0.751000,0.000000,4.536000,33799.900000
0.004376,3.416000,3.392000,0.166000,0.751000,0.000000,4.536000,33799.900000
0.004412,3.416000,3.387000,0.166000,0.751000,0.000000,4.536000,33799.900000
0.004448,3.412000,3.382000,0.166000,0.751000,0.000000,4.536000,33799.900000
0.004484,3.407000,3.382000,0.166000,0.751000,0.000000,4.536000,33799.900000
0.004520,3.407000,3.382000,0.166000,0.751000,0.000000,4.536000,33799.900000
0.004556,3.407000,3.382000,0.166000,0.751000,0.000000,4.536000,33799.900000
0.004596,3.407000,3.382000,0.166000,0.751000,0.000000,4.536000,33799.900000
0.004632,3.407000,3.382000,0.166000,0.751000,0.000000,4.536000,33799.900000
0.004668,3.412000,3.382000,0.166000,0.751000,0.000000,4.536000,33799.900000
0.004704,3.407000,3.382000,0.166000,0.751000,0.000000,4.536000,33799.900000
0.004740,3.407000,3.382000,0.166000,0.751000,0.000000,4.536000,33799.900000
0.004776,3.412000,3.382000,0.166000,0.751000,0.000000,4.536000,33799.900000
0.000040,3.407000,3.021000,0.377000,0.746000,2083.300000,1.977000,3221225216.000000
0.000076,3.402000,3.245000,0.377000,0.746000,2083.300000,1.977000,3221225216.000000
0.000112,3.402000,3.324000,0.377000,0.746000,2083.300000,1.977000,3221225216.000000
0.000148,3.402000,3.358000,0.377000,0.746000,2083.300000,1.977000,3221225216.000000
0.000184,3.402000,3.368000,0.377000,0.746000,2083.300000,1.977000,3221225216.000000
0.000220,3.402000,3.377000,0.377000,0.746000,2083.300000,1.977000,3221225216.000000
0.000260,3.402000,3.377000,0.377000,0.746000,2083.300000,1.977000,3221225216.000000
0.000296,3.407000,3.377000,0.377000,0.746000,2083.300000,1.977000,3221225216.000000
0.000332,3.402000,3.377000,0.377000,0.746000,2083.300000,1.977000,3221225216.000000
0.000368,3.402000,3.377000,0.377000,0.746000,2083.300000,1.977000,3221225216.000000
0.000404,3.402000,3.377000,0.377000,0.746000,2083.300000,1.977000,3221225216.000000
0.000440,3.402000,3.377000,0.377000,0.746000,2083.300000,1.977000,3221225216.000000
0.000480,3.402000,3.377000,0.377000,0.746000,2083.300000,1.977000,3221225216.000000
0.000516,3.402000,3.377000,0.377000,0.746000,2083.300000,1.977000,3221225216.000000
0.000552,3.402000,3.377000,0.377000,0.746000,2083.300000,1.977000,3221225216.000000
0.000588,3.402000,3.377000,0.377000,0.746000,2083.300000,1.977000,3221225216.000000
0.000624,3.402000,3.377000,0.377000,0.746000,2083.300000,1.977000,3221225216.000000
0.000660,3.402000,3.377000,0.377000,0.746000,2083.300000,1.977000,3221225216.000000
0.000700,3.402000,3.377000,0.377000,0.746000,2083.300000,1.977000,3221225216.000000
0.000736,3.402000,3.377000,0.377000,0.746000,2083.300000,1.977000,3221225216.000000
0.000772,3.402000,3.377000,0.377000,0.746000,2083.300000,1.977000,3221225216.000000
0.000808,3.402000,3.377000,0.377000,0.746000,2083.300000,1.977000,3221225216.000000
0.000844,3.402000,3.377000,0.377000,0.746000,2083.300000,1.977000,3221225216.000000
0.000880,3.402000,3.377000,0.377000,0.746000,2083.300000,1.977000,3221225216.000000
0.000920,3.407000,3.377000,0.377000,0.746000,2083.300000,1.977000,3221225216.000000
0.000956,3.407000,3.377000,0.377000,0.746000,2083.300000,1.977000,3221225216.000000
0.000992,3.407000,3.377000,0.377000,0.746000,2083.300000,1.977000,3221225216.000000
0.001032,3.407000,3.377000,0.377000,0.746000,2083.300000,1.977000,3221225216.000000
0.001068,3.407000,3.382000,0.377000,0.746000,2083.300000,1.977000,3221225216.000000
0.001104,3.407000,3.382000,0.377000,0.746000,2083.300000,1.977000,3221225216.000000
0.001140,3.407000,3.382000,0.377000,0.746000,2083.300000,1.977000,3221225216.000000
0.001176,3.407000,3.382000,0.377000,0.746000,2083.300000,1.977000,3221225216.000000
0.001212,3.412000,3.382000,0.377000,0.746000,2083.300000,1.977000,3221225216.000000
0.001252,3.407000,3.382000,0.377000,0.746000,2083.300000,1.977000,3221225216.000000
0.001288,3.407000,3.382000,0.377000,0.746000,2083.300000,1.977000,3221225216.000000
0.001324,3.407000,3.382000,0.377000,0.746000,2083.300000,1.977000,3221225216.000000
0.001360,3.402000,3.377000,0.377000,0.746000,2083.300000,1.977000,3221225216.000000
0.001396,3.402000,3.377000,0.377000,0.746000,2083.300000,1.977000,3221225216.000000
0.001432,3.402000,3.377000,0.377000,0.746000,2083.300000,1.977000,3221225216.000000
0.001472,3.402000,3.377000,0.377000,0.746000,2083.300000,1.977000,3221225216.000000
0.001508,3.402000,3.377000,0.377000,0.746000,2083.300000,1.977000,3221225216.000000
0.001544,3.407000,3.382000,0.377000,0.746000,2083.300000,1.977000,3221225216.000000
0.001580,3.412000,3.387000,0.377000,0.746000,2083.300000,1.977000,3221225216.000000
0.001616,3.416000,3.392000,0.377000,0.746000,2083.300000,1.977000,3221225216.000000
0.001652,3.416000,3.392000,0.377000,0.746000,2083.300000,1.977000,3221225216.000000
0.001692,3.421000,3.392000,0.377000,0.746000,2083.300000,1.977000,3221225216.000000
0.001728,3.416000,3.392000,0.377000,0.746000,2083.300000,1.977000,3221225216.000000
0.001764,3.416000,3.392000,0.377000,0.746000,2083.300000,1.977000,3221225216.000000
0.001800,3.407000,3.387000,0.377000,0.746000,2083.300000,1.977000,3221225216.000000
0.001836,3.407000,3.382000,0.377000,0.746000,2083.300000,1.977000,3221225216.000000
0.001872,3.402000,3.377000,0.377000,0.746000,2083.300000,1.977000,3221225216.000000
0.001912,3.402000,3.377000,0.377000,0.746000,2083.300000,1.977000,3221225216.000000
0.001948,3.402000,3.377000,0.377000,0.746000,2083.300000,1.977000,3221225216.000000
0.001984,3.407000,3.382000,0.377000,0.746000,2083.300000,1.977000,3221225216.000000
0.002020,3.407000,3.382000,0.377000,0.746000,2083.300000,1.977000,3221225216.000000
0.002056,3.407000,3.382000,0.377000,0.746000,2083.300000,1.977000,3221225216.000000
0.002092,3.412000,3.382000,0.377000,0.746000,2083.300000,1.977000,3221225216.000000
0.002128,3.412000,3.382000,0.377000,0.746000,2083.300000,1.977000,3221225216.000000
0.002168,3.412000,3.382000,0.377000,0.746000,2083.300000,1.977000,3221225216.000000
0.002204,3.407000,3.382000,0.377000,0.746000,2083.300000,1.977000,3221225216.000000
0.002240,3.407000,3.382000,0.377000,0.746000,2083.300000,1.977000,3221225216.000000
0.002276,3.407000,3.382000,0.377000,0.746000,2083.300000,1.977000,3221225216.000000
0.002312,3.407000,3.382000,0.377000,0.746000,2083.300000,1.977000,3221225216.000000
0.002348,3.407000,3.377000,0.377000,0.746000,2083.300000,1.977000,3221225216.000000
0.002388,3.407000,3.377000,0.377000,0.746000,2083.300000,1.977000,3221225216.000000
0.002424,3.407000,3.377000,0.377000,0.746000,2083.300000,1.977000,3221225216.000000
0.002460,3.407000,3.382000,0.377000,0.746000,2083.300000,1.977000,3221225216.000000
0.002496,3.407000,3.382000,0.377000,0.746000,2083.300000,1.977000,3221225216.000000
0.002532,3.407000,3.377000,0.377000,0.746000,2083.300000,1.977000,3221225216.000000
0.002568,3.407000,3.377000,0.377000,0.746000,2083.300000,1.977000,3221225216.000000
0.002608,3.407000,3.377000,0.377000,0.746000,2083.300000,1.977000,3221225216.000000
0.002644,3.407000,3.377000,0.377000,0.746000,2083.300000,1.977000,3221225216.000000
0.002680,3.407000,3.377000,0.377000,0.746000,2083.300000,1.977000,3221225216.000000
0.002716,3.407000,3.377000,0.377000,0.746000,2083.300000,1.977000,3221225216.000000
0.002752,3.407000,3.377000,0.377000,0.746000,2083.300000,1.977000,3221225216.000000
0.002788,3.402000,3.377000,0.377000,0.746000,2083.300000,1.977000,3221225216.000000
0.002828,3.407000,3.377000,0.377000,0.746000,2083.300000,1.977000,3221225216.000000
0.002864,3.407000,3.377000,0.377000,0.746000,2083.300000,1.977000,3221225216.000000
0.002900,3.407000,3.377000,0.377000,0.746000,2083.300000,1.977000,3221225216.000000
0.002936,3.407000,3.382000,0.377000,0.746000,2083.300000,1.977000,3221225216.000000
0.002976,3.407000,3.382000,0.377000,0.746000,2083.300000,1.977000,3221225216.000000
0.003012,3.407000,3.377000,0.377000,0.746000,2083.300000,1.977000,3221225216.000000
0.003048,3.407000,3.377000,0.377000,0.746000,2083.300000,1.977000,3221225216.000000
0.003084,3.407000,3.377000,0.377000,0.746000,2083.300000,1.977000,3221225216.000000
0.003120,3.407000,3.377000,0.377000,0.746000,2083.300000,1.977000,3221225216.000000
0.003156,3.407000,3.382000,0.377000,0.746000,2083.300000,1.977000,3221225216.000000
0.003196,3.407000,3.382000,0.377000,0.746000,2083.300000,1.977000,3221225216.000000
0.003232,3.407000,3.382000,0.377000,0.746000,2083.300000,1.977000,3221225216.000000
0.003268,3.407000,3.377000,0.377000,0.746000,2083.300000,1.977000,3221225216.000000
0.003304,3.407000,3.377000,0.377000,0.746000,2083.300000,1.977000,3221225216.000000
0.003340,3.407000,3.377000,0.377000,0.746000,2083.300000,1.977000,3221225216.000000
0.003376,3.407000,3.382000,0.377000,0.746000,2083.300000,1.977000,3221225216.000000
0.003416,3.407000,3.382000,0.377000,0.746000,2083.300000,1.977000,3221225216.000000
0.003452,3.407000,3.382000,0.377000,0.746000,2083.300000,1.977000,3221225216.000000
0.003488,3.407000,3.382000,0.377000,0.746000,2083.300000,1.977000,3221225216.000000
0.003524,3.407000,3.382000,0.377000,0.746000,2083.300000,1.977000,3221225216.000000
0.003560,3.407000,3.382000,0.377000,0.746000,2083.300000,1.977000,3221225216.000000
0.003596,3.407000,3.382000,0.377000,0.746000,2083.300000,1.977000,3221225216.000000
0.003636,3.407000,3.382000,0.377000,0.746000,2083.300000,1.977000,3221225216.000000
0.003672,3.407000,3.382000,0.377000,0.746000,2083.300000,1.977000,3221225216.000000
0.003708,3.416000,3.392000,0.377000,0.746000,2083.300000,1.977000,3221225216.000000
0.003744,3.416000,3.392000,0.377000,0.746000,2083.300000,1.977000,3221225216.000000
0.003780,3.416000,3.392000,0.377000,0.746000,2083.300000,1.977000,3221225216.000000
0.003816,3.416000,3.392000,0.377000,0.746000,2083.300000,1.977000,3221225216.000000
0.003856,3.416000,3.392000,0.377000,0.746000,2083.300000,1.977000,3221225216.000000
0.003892,3.416000,3.392000,0.377000,0.746000,2083.300000,1.977000,3221225216.000000
0.003928,3.416000,3.392000,0.377000,0.746000,2083.300000,1.977000,3221225216.000000
0.003964,3.416000,3.392000,0.377000,0.746000,2083.300000,1.977000,3221225216.000000
0.004008,3.416000,3.392000,0.377000,0.746000,2083.300000,1.977000,3221225216.000000
0.004044,3.416000,3.387000,0.377000,0.746000,2083.300000,1.977000,3221225216.000000
0.004080,3.407000,3.382000,0.377000,0.746000,2083.300000,1.977000,3221225216.000000
0.004116,3.407000,3.382000,0.377000,0.746000,2083.300000,1.977000,3221225216.000000
0.004152,3.407000,3.377000,0.377000,0.746000,2083.300000,1.977000,3221225216.000000
0.004192,3.402000,3.377000,0.377000,0.746000,2083.300000,1.977000,3221225216.000000
0.004228,3.402000,3.377000,0.377000,0.746000,2083.300000,1.977000,3221225216.000000
0.004264,3.407000,3.382000,0.377000,0.746000,2083.300000,1.977000,3221225216.000000
0.004300,3.416000,3.387000,0.377000,0.746000,2083.300000,1.977000,3221225216.000000
0.004336,3.416000,3.392000,0.377000,0.746000,2083.300000,1.977000,3221225216.000000
0.004372,3.421000,3.397000,0.377000,0.746000,2083.300000,1.977000,3221225216.000000
0.004412,3.421000,3.402000,0.377000,0.746000,2083.300000,1.977000,3221225216.000000
0.004448,3.421000,3.402000,0.377000,0.746000,2083.300000,1.977000,3221225216.000000
0.004484,3.421000,3.402000,0.377000,0.746000,2083.300000,1.977000,3221225216.000000
0.004520,3.426000,3.402000,0.377000,0.746000,2083.300000,1.977000,3221225216.000000
0.004556,3.421000,3.397000,0.377000,0.746000,2083.300000,1.977000,3221225216.000000
0.004592,3.421000,3.397000,0.377000,0.746000,2083.300000,1.977000,3221225216.000000
0.004632,3.421000,3.392000,0.377000,0.746000,2083.300000,1.977000,3221225216.000000
0.004668,3.416000,3.392000,0.377000,0.746000,2083.300000,1.977000,3221225216.000000
0.004704,3.416000,3.392000,0.377000,0.746000,2083.300000,1.977000,3221225216.000000
0.004740,3.416000,3.392000,0.377000,0.746000,2083.300000,1.977000,3221225216.000000
0.004776,3.416000,3.392000,0.377000,0.746000,2083.300000,1.977000,3221225216.000000
0.000040,3.412000,3.040000,0.165000,0.747000,0.000000,4.528000,34095.000000
0.000076,3.412000,3.250000,0.165000,0.747000,0.000000,4.528000,34095.000000
0.000112,3.412000,3.333000,0.165000,0.747000,0.000000,4.528000,34095.000000
0.000148,3.412000,3.363000,0.165000,0.747000,0.000000,4.528000,34095.000000
0.000184,3.412000,3.377000,0.165000,0.747000,0.000000,4.528000,34095.000000
0.000220,3.412000,3.382000,0.165000,0.747000,0.000000,4.528000,34095.000000
0.000260,3.407000,3.382000,0.165000,0.747000,0.000000,4.528000,34095.000000
0.000296,3.407000,3.382000,0.165000,0.747000,0.000000,4.528000,34095.000000
0.000332,3.412000,3.382000,0.165000,0.747000,0.000000,4.528000,34095.000000
0.000368,3.407000,3.382000,0.165000,0.747000,0.000000,4.528000,34095.000000
0.000404,3.407000,3.382000,0.165000,0.747000,0.000000,4.528000,34095.000000
0.000440,3.407000,3.382000,0.165000,0.747000,0.000000,4.528000,34095.000000
0.000480,3.407000,3.382000,0.165000,0.747000,0.000000,4.528000,34095.000000
0.000516,3.407000,3.382000,0.165000,0.747000,0.000000,4.528000,34095.000000
0.000552,3.412000,3.382000,0.165000,0.747000,0.000000,4.528000,34095.000000
0.000588,3.407000,3.382000,0.165000,0.747000,0.000000,4.528000,34095.000000
0.000624,3.407000,3.382000,0.165000,0.747000,0.000000,4.528000,34095.000000
0.000660,3.407000,3.382000,0.165000,0.747000,0.000000,4.528000,34095.000000
0.000704,3.407000,3.382000,0.165000,0.747000,0.000000,4.528000,34095.000000
0.000740,3.407000,3.382000,0.165000,0.747000,0.000000,4.528000,34095.000000
0.000776,3.407000,3.382000,0.165000,0.747000,0.000000,4.528000,34095.000000
0.000812,3.407000,3.382000,0.165000,0.747000,0.000000,4.528000,34095.000000
0.000852,3.412000,3.382000,0.165000,0.747000,0.000000,4.528000,34095.000000
0.000888,3.407000,3.382000,0.165000,0.747000,0.000000,4.528000,34095.000000
0.000924,3.407000,3.382000,0.165000,0.747000,0.000000,4.528000,34095.000000
0.000960,3.407000,3.382000,0.165000,0.747000,0.000000,4.528000,34095.000000
0.000996,3.407000,3.382000,0.165000,0.747000,0.000000,4.528000,34095.000000
0.001032,3.407000,3.382000,0.165000,0.747000,0.000000,4.528000,34095.000000
0.001072,3.407000,3.382000,0.165000,0.747000,0.000000,4.528000,34095.000000
0.001108,3.407000,3.382000,0.165000,0.747000,0.000000,4.528000,34095.000000
0.001144,3.407000,3.382000,0.165000,0.747000,0.000000,4.528000,34095.000000
0.001180,3.407000,3.382000,0.165000,0.747000,0.000000,4.528000,34095.000000
0.001216,3.407000,3.382000,0.165000,0.747000,0.000000,4.528000,34095.000000
0.001252,3.407000,3.377000,0.165000,0.747000,0.000000,4.528000,34095.000000
0.001292,3.407000,3.377000,0.165000,0.747000,0.000000,4.528000,34095.000000
0.001328,3.407000,3.377000,0.165000,0.747000,0.000000,4.528000,34095.000000
0.001364,3.407000,3.377000,0.165000,0.747000,0.000000,4.528000,34095.000000
0.001400,3.407000,3.382000,0.165000,0.747000,0.000000,4.528000,34095.000000
0.001436,3.407000,3.377000,0.165000,0.747000,0.000000,4.528000,34095.000000
0.001472,3.402000,3.377000,0.165000,0.747000,0.000000,4.528000,34095.000000
0.001512,3.407000,3.377000,0.165000,0.747000,0.000000,4.528000,34095.000000
0.001548,3.402000,3.377000,0.165000,0.747000,0.000000,4.528000,34095.000000
0.001584,3.402000,3.377000,0.165000,0.747000,0.000000,4.528000,34095.000000
0.001620,3.402000,3.377000,0.165000,0.747000,0.000000,4.528000,34095.000000
0.001656,3.402000,3.377000,0.165000,0.747000,0.000000,4.528000,34095.000000
0.001692,3.402000,3.377000,0.165000,0.747000,0.000000,4.528000,34095.000000
0.001728,3.402000,3.377000,0.165000,0.747000,0.000000,4.528000,34095.000000
0.001768,3.407000,3.377000,0.165000,0.747000,0.000000,4.528000,34095.000000
0.001804,3.402000,3.377000,0.165000,0.747000,0.000000,4.528000,34095.000000
0.001840,3.402000,3.377000,0.165000,0.747000,0.000000,4.528000,34095.000000
0.001876,3.402000,3.377000,0.165000,0.747000,0.000000,4.528000,34095.000000
0.001912,3.402000,3.377000,0.165000,0.747000,0.000000,4.528000,34095.000000
0.001948,3.402000,3.377000,0.165000,0.747000,0.000000,4.528000,34095.000000
0.001988,3.407000,3.377000,0.165000,0.747000,0.000000,4.528000,34095.000000
0.002024,3.407000,3.382000,0.165000,0.747000,0.000000,4.528000,34095.000000
0.002060,3.407000,3.382000,0.165000,0.747000,0.000000,4.528000,34095.000000
0.002096,3.412000,3.382000,0.165000,0.747000,0.000000,4.528000,34095.000000
0.002132,3.416000,3.387000,0.165000,0.747000,0.000000,4.528000,34095.000000
0.002168,3.416000,3.387000,0.165000,0.747000,0.000000,4.528000,34095.000000
0.002208,3.416000,3.392000,0.165000,0.747000,0.000000,4.528000,34095.000000
0.002244,3.421000,3.392000,0.165000,0.747000,0.000000,4.528000,34095.000000
0.002280,3.416000,3.392000,0.165000,0.747000,0.000000,4.528000,34095.000000
0.002316,3.416000,3.392000,0.165000,0.747000,0.000000,4.528000,34095.000000
0.002352,3.416000,3.392000,0.165000,0.747000,0.000000,4.528000,34095.000000
0.002388,3.416000,3.392000,0.165000,0.747000,0.000000,4.528000,34095.000000
0.002428,3.421000,3.392000,0.165000,0.747000,0.000000,4.528000,34095.000000
0.002464,3.421000,3.392000,0.165000,0.747000,0.000000,4.528000,34095.000000
0.002500,3.421000,3.392000,0.165000,0.747000,0.000000,4.528000,34095.000000
0.002536,3.421000,3.397000,0.165000,0.747000,0.000000,4.528000,34095.000000
0.002572,3.421000,3.397000,0.165000,0.747000,0.000000,4.528000,34095.000000
0.002608,3.421000,3.397000,0.165000,0.747000,0.000000,4.528000,34095.000000
0.002648,3.421000,3.392000,0.165000,0.747000,0.000000,4.528000,34095.000000
0.002684,3.421000,3.392000,0.165000,0.747000,0.000000,4.528000,34095.000000
0.002720,3.421000,3.392000,0.165000,0.747000,0.000000,4.528000,34095.000000
0.002756,3.421000,3.392000,0.165000,0.747000,0.000000,4.528000,34095.000000
0.002796,3.421000,3.397000,0.165000,0.747000,0.000000,4.528000,34095.000000
0.002832,3.421000,3.392000,0.165000,0.747000,0.000000,4.528000,34095.000000
0.002868,3.421000,3.392000,0.165000,0.747000,0.000000,4.528000,34095.000000
0.002904,3.421000,3.392000,0.165000,0.747000,0.000000,4.528000,34095.000000
0.002940,3.421000,3.392000,0.165000,0.747000,0.000000,4.528000,34095.000000
0.002976,3.421000,3.392000,0.165000,0.747000,0.000000,4.528000,34095.000000
0.003016,3.421000,3.392000,0.165000,0.747000,0.000000,4.528000,34095.000000
0.003052,3.421000,3.392000,0.165000,0.747000,0.000000,4.528000,34095.000000
0.003088,3.416000,3.392000,0.165000,0.747000,0.000000,4.528000,34095.000000
0.003124,3.416000,3.392000,0.165000,0.747000,0.000000,4.528000,34095.000000
0.003160,3.416000,3.392000,0.165000,0.747000,0.000000,4.528000,34095.000000
0.003196,3.416000,3.392000,0.165000,0.747000,0.000000,4.528000,34095.000000
0.003236,3.416000,3.392000,0.165000,0.747000,0.000000,4.528000,34095.000000
0.003272,3.412000,3.387000,0.165000,0.747000,0.000000,4.528000,34095.000000
0.003308,3.412000,3.382000,0.165000,0.747000,0.000000,4.528000,34095.000000
0.003344,3.407000,3.382000,0.165000,0.747000,0.000000,4.528000,34095.000000
0.003380,3.407000,3.382000,0.165000,0.747000,0.000000,4.528000,34095.000000
0.003416,3.407000,3.382000,0.165000,0.747000,0.000000,4.528000,34095.000000
0.003456,3.407000,3.382000,0.165000,0.747000,0.000000,4.528000,34095.000000
0.003492,3.407000,3.382000,0.165000,0.747000,0.000000,4.528000,34095.000000
0.003528,3.407000,3.377000,0.165000,0.747000,0.000000,4.528000,34095.000000
0.003564,3.407000,3.377000,0.165000,0.747000,0.000000,4.528000,34095.000000
0.003600,3.407000,3.377000,0.165000,0.747000,0.000000,4.528000,34095.000000
0.003636,3.407000,3.377000,0.165000,0.747000,0.000000,4.528000,34095.000000
0.003676,3.402000,3.377000,0.165000,0.747000,0.000000,4.528000,34095.000000
0.003712,3.402000,3.377000,0.165000,0.747000,0.000000,4.528000,34095.000000
0.003748,3.402000,3.377000,0.165000,0.747000,0.000000,4.528000,34095.000000
0.003792,3.402000,3.377000,0.165000,0.747000,0.000000,4.528000,34095.000000
0.003828,3.402000,3.377000,0.165000,0.747000,0.000000,4.528000,34095.000000
0.003864,3.402000,3.377000,0.165000,0.747000,0.000000,4.528000,34095.000000
0.003900,3.402000,3.377000,0.165000,0.747000,0.000000,4.528000,34095.000000
0.003936,3.402000,3.377000,0.165000,0.747000,0.000000,4.528000,34095.000000
0.003972,3.402000,3.377000,0.165000,0.747000,0.000000,4.528000,34095.000000
0.004012,3.402000,3.377000,0.165000,0.747000,0.000000,4.528000,34095.000000
0.004048,3.402000,3.377000,0.165000,0.747000,0.000000,4.528000,34095.000000
0.004084,3.407000,3.377000,0.165000,0.747000,0.000000,4.528000,34095.000000
0.004120,3.407000,3.377000,0.165000,0.747000,0.000000,4.528000,34095.000000
0.004156,3.407000,3.377000,0.165000,0.747000,0.000000,4.528000,34095.000000
0.004192,3.407000,3.382000,0.165000,0.747000,0.000000,4.528000,34095.000000
0.004232,3.407000,3.382000,0.165000,0.747000,0.000000,4.528000,34095.000000
0.004268,3.412000,3.382000,0.165000,0.747000,0.000000,4.528000,34095.000000
0.004304,3.412000,3.387000,0.165000,0.747000,0.000000,4.528000,34095.000000
0.004340,3.416000,3.387000,0.165000,0.747000,0.000000,4.528000,34095.000000
0.004376,3.416000,3.387000,0.165000,0.747000,0.000000,4.528000,34095.000000
0.004412,3.416000,3.387000,0.165000,0.747000,0.000000,4.528000,34095.000000
0.004452,3.416000,3.392000,0.165000,0.747000,0.000000,4.528000,34095.000000
0.004488,3.416000,3.392000,0.165000,0.747000,0.000000,4.528000,34095.000000
0.004524,3.416000,3.392000,0.165000,0.747000,0.000000,4.528000,34095.000000
0.004560,3.421000,3.392000,0.165000,0.747000,0.000000,4.528000,34095.000000
0.004596,3.421000,3.397000,0.165000,0.747000,0.000000,4.528000,34095.000000
0.004632,3.421000,3.397000,0.165000,0.747000,0.000000,4.528000,34095.000000
0.004672,3.421000,3.402000,0.165000,0.747000,0.000000,4.528000,34095.000000
0.004708,3.421000,3.402000,0.165000,0.747000,0.000000,4.528000,34095.000000
0.004744,3.421000,3.402000,0.165000,0.747000,0.000000,4.528000,34095.000000
0.004784,3.421000,3.397000,0.165000,0.747000,0.000000,4.528000,34095.000000
