Channel 1,Channel 2,Channel 3,Channel 4,Channel 5,Channel 6,Channel 7,Channel 8
0.000012,3.754000,3.754000,4.942000,4.942000,inf,1.000000,inf
0.000028,3.754000,3.754000,4.942000,4.942000,inf,1.000000,inf
0.000040,3.754000,3.754000,4.942000,4.942000,inf,1.000000,inf
0.000052,3.754000,3.754000,4.942000,4.942000,inf,1.000000,inf
0.000068,3.754000,3.754000,4.942000,4.942000,inf,1.000000,inf
0.000080,3.754000,3.754000,4.942000,4.942000,inf,1.000000,inf
0.000092,3.754000,3.754000,4.942000,4.942000,inf,1.000000,inf
0.000108,3.754000,3.754000,4.942000,4.942000,inf,1.000000,inf
0.000120,3.754000,3.754000,4.942000,4.942000,inf,1.000000,inf
0.000136,3.754000,3.754000,4.942000,4.942000,inf,1.000000,inf
0.000148,3.754000,3.754000,4.942000,4.942000,inf,1.000000,inf
0.000160,3.754000,3.754000,4.942000,4.942000,inf,1.000000,inf
0.000176,3.754000,3.754000,4.942000,4.942000,inf,1.000000,inf
0.000188,3.754000,3.754000,4.942000,4.942000,inf,1.000000,inf
0.000200,3.754000,3.754000,4.942000,4.942000,inf,1.000000,inf
0.000216,3.754000,3.754000,4.942000,4.942000,inf,1.000000,inf
0.000228,3.754000,3.754000,4.942000,4.942000,inf,1.000000,inf
0.000240,3.754000,3.754000,4.942000,4.942000,inf,1.000000,inf
0.000256,3.754000,3.754000,4.942000,4.942000,inf,1.000000,inf
0.000268,3.754000,3.754000,4.942000,4.942000,inf,1.000000,inf
0.000280,3.754000,3.754000,4.942000,4.942000,inf,1.000000,inf
0.000296,3.754000,3.754000,4.942000,4.942000,inf,1.000000,inf
0.000308,3.754000,3.754000,4.942000,4.942000,inf,1.000000,inf
0.000324,3.754000,3.754000,4.942000,4.942000,inf,1.000000,inf
0.000336,3.754000,3.754000,4.942000,4.942000,inf,1.000000,inf
0.000348,3.754000,3.754000,4.942000,4.942000,inf,1.000000,inf
0.000364,3.754000,3.754000,4.942000,4.942000,inf,1.000000,inf
0.000376,3.754000,3.754000,4.942000,4.942000,inf,1.000000,inf
0.000388,3.754000,3.754000,4.942000,4.942000,inf,1.000000,inf
0.000404,3.754000,3.754000,4.942000,4.942000,inf,1.000000,inf
0.000416,3.754000,3.754000,4.942000,4.942000,inf,1.000000,inf
0.000428,3.754000,3.754000,4.942000,4.942000,inf,1.000000,inf
0.000448,3.754000,3.754000,4.942000,4.942000,inf,1.000000,inf
0.000464,3.754000,3.754000,4.942000,4.942000,inf,1.000000,inf
0.000476,3.754000,3.754000,4.942000,4.942000,inf,1.000000,inf
0.000488,3.754000,3.754000,4.942000,4.942000,inf,1.000000,inf
0.000504,3.754000,3.754000,4.942000,4.942000,inf,1.000000,inf
0.000516,3.754000,3.754000,4.942000,4.942000,inf,1.000000,inf
0.000528,3.754000,3.754000,4.942000,4.942000,inf,1.000000,inf
0.000544,3.754000,3.754000,4.942000,4.942000,inf,1.000000,inf
0.000556,3.754000,3.754000,4.942000,4.942000,inf,1.000000,inf
0.000572,3.754000,3.754000,4.942000,4.942000,inf,1.000000,inf
0.000584,3.754000,3.754000,4.942000,4.942000,inf,1.000000,inf
0.000596,3.754000,3.754000,4.942000,4.942000,inf,1.000000,inf
0.000612,3.754000,3.754000,4.942000,4.942000,inf,1.000000,inf
0.000624,3.754000,3.754000,4.942000,4.942000,inf,1.000000,inf
0.000636,3.754000,3.754000,4.942000,4.942000,inf,1.000000,inf
0.000652,3.754000,3.754000,4.942000,4.942000,inf,1.000000,inf
0.000664,3.754000,3.754000,4.942000,4.942000,inf,1.000000,inf
0.000676,3.754000,3.754000,4.942000,4.942000,inf,1.000000,inf
0.000692,3.754000,3.754000,4.942000,4.942000,inf,1.000000,inf
0.000704,3.754000,3.754000,4.942000,4.942000,inf,1.000000,inf
0.000720,3.754000,3.754000,4.942000,4.942000,inf,1.000000,inf
0.000732,3.754000,3.754000,4.942000,4.942000,inf,1.000000,inf
0.000744,3.754000,3.754000,4.942000,4.942000,inf,1.000000,inf
0.000760,3.754000,3.754000,4.942000,4.942000,inf,1.000000,inf
0.000772,3.754000,3.754000,4.942000,4.942000,inf,1.000000,inf
0.000784,3.754000,3.754000,4.942000,4.942000,inf,1.000000,inf
0.000800,3.754000,3.754000,4.942000,4.942000,inf,1.000000,inf
0.000812,3.754000,3.754000,4.942000,4.942000,inf,1.000000,inf
0.000824,3.754000,3.754000,4.942000,4.942000,inf,1.000000,inf
0.000840,3.754000,3.754000,4.942000,4.942000,inf,1.000000,inf
0.000852,3.754000,3.754000,4.942000,4.942000,inf,1.000000,inf
0.000864,3.754000,3.754000,4.942000,4.942000,inf,1.000000,inf
0.000880,3.754000,3.754000,4.942000,4.942000,inf,1.000000,inf
0.000892,3.754000,3.754000,4.942000,4.942000,inf,1.000000,inf
0.000908,3.754000,3.754000,4.942000,4.942000,inf,1.000000,inf
0.000920,3.754000,3.754000,4.942000,4.942000,inf,1.000000,inf
0.000932,3.754000,3.754000,4.942000,4.942000,inf,1.000000,inf
0.000948,3.754000,3.754000,4.942000,4.942000,inf,1.000000,inf
0.000960,3.754000,3.754000,4.942000,4.942000,inf,1.000000,inf
0.000972,3.754000,3.754000,4.942000,4.942000,inf,1.000000,inf
0.000988,3.754000,3.754000,4.942000,4.942000,inf,1.000000,inf
0.001000,3.754000,3.754000,4.942000,4.942000,inf,1.000000,inf
0.001012,3.754000,3.754000,4.942000,4.942000,inf,1.000000,inf
0.001028,3.754000,3.754000,4.942000,4.942000,inf,1.000000,inf
0.001040,3.754000,3.754000,4.942000,4.942000,inf,1.000000,inf
0.001052,3.754000,3.754000,4.942000,4.942000,inf,1.000000,inf
0.001068,3.754000,3.754000,4.942000,4.942000,inf,1.000000,inf
0.001080,3.754000,3.754000,4.942000,4.942000,inf,1.000000,inf
0.001096,3.754000,3.754000,4.942000,4.942000,inf,1.000000,inf
0.001108,3.754000,3.754000,4.942000,4.942000,inf,1.000000,inf
0.001120,3.754000,3.754000,4.942000,4.942000,inf,1.000000,inf
0.001136,3.754000,3.754000,4.942000,4.942000,inf,1.000000,inf
0.001148,3.754000,3.754000,4.942000,4.942000,inf,1.000000,inf
0.001160,3.754000,3.754000,4.942000,4.942000,inf,1.000000,inf
0.001176,3.754000,3.754000,4.942000,4.942000,inf,1.000000,inf
0.001188,3.754000,3.754000,4.942000,4.942000,inf,1.000000,inf
0.001200,3.754000,3.754000,4.942000,4.942000,inf,1.000000,inf
0.001216,3.754000,3.754000,4.942000,4.942000,inf,1.000000,inf
0.001228,3.754000,3.754000,4.942000,4.942000,inf,1.000000,inf
0.001244,3.754000,3.754000,4.942000,4.942000,inf,1.000000,inf
0.001256,3.754000,3.754000,4.942000,4.942000,inf,1.000000,inf
0.001268,3.754000,3.754000,4.942000,4.942000,inf,1.000000,inf
0.001284,3.754000,3.754000,4.942000,4.942000,inf,1.000000,inf
0.001296,3.754000,3.754000,4.942000,4.942000,inf,1.000000,inf
0.001308,3.754000,3.754000,4.942000,4.942000,inf,1.000000,inf
0.001324,3.754000,3.754000,4.942000,4.942000,inf,1.000000,inf
0.001336,3.754000,3.754000,4.942000,4.942000,inf,1.000000,inf
0.001348,3.754000,3.754000,4.942000,4.942000,inf,1.000000,inf
0.001364,3.754000,3.754000,4.942000,4.942000,inf,1.000000,inf
0.001376,3.754000,3.754000,4.942000,4.942000,inf,1.000000,inf
0.001388,3.754000,3.754000,4.942000,4.942000,inf,1.000000,inf
0.001404,3.754000,3.754000,4.942000,4.942000,inf,1.000000,inf
0.001416,3.754000,3.754000,4.942000,4.942000,inf,1.000000,inf
0.001432,3.754000,3.754000,4.942000,4.942000,inf,1.000000,inf
0.001444,3.754000,3.754000,4.942000,4.942000,inf,1.000000,inf
0.001464,3.754000,3.754000,4.942000,4.942000,inf,1.000000,inf
0.001476,3.754000,3.754000,4.942000,4.942000,inf,1.000000,inf
0.001488,3.754000,3.754000,4.942000,4.942000,inf,1.000000,inf
0.001504,3.754000,3.754000,4.942000,4.942000,inf,1.000000,inf
0.001516,3.754000,3.754000,4.942000,4.942000,inf,1.000000,inf
0.001528,3.754000,3.754000,4.942000,4.942000,inf,1.000000,inf
0.001544,3.754000,3.754000,4.942000,4.942000,inf,1.000000,inf
0.001556,3.754000,3.754000,4.942000,4.942000,inf,1.000000,inf
0.001568,3.754000,3.754000,4.942000,4.942000,inf,1.000000,inf
0.001584,3.754000,3.754000,4.942000,4.942000,inf,1.000000,inf
0.001596,3.754000,3.754000,4.942000,4.942000,inf,1.000000,inf
0.001612,3.754000,3.754000,4.942000,4.942000,inf,1.000000,inf
0.001624,3.754000,3.754000,4.942000,4.942000,inf,1.000000,inf
0.001636,3.754000,3.754000,4.942000,4.942000,inf,1.000000,inf
0.001652,3.754000,3.754000,4.942000,4.942000,inf,1.000000,inf
0.001664,3.754000,3.754000,4.942000,4.942000,inf,1.000000,inf
0.001676,3.754000,3.754000,4.942000,4.942000,inf,1.000000,inf
0.001692,3.754000,3.754000,4.942000,4.942000,inf,1.000000,inf
0.001704,3.754000,3.754000,4.942000,4.942000,inf,1.000000,inf
0.001716,3.754000,3.754000,4.942000,4.942000,inf,1.000000,inf
0.001732,3.754000,3.754000,4.942000,4.942000,inf,1.000000,inf
0.001744,3.754000,3.754000,4.942000,4.942000,inf,1.000000,inf
0.001756,3.754000,3.754000,4.942000,4.942000,inf,1.000000,inf
0.000016,3.754000,3.754000,9.071000,9.071000,inf,1.000000,inf
0.000028,3.754000,3.754000,9.071000,9.071000,inf,1.000000,inf
0.000044,3.754000,3.754000,9.071000,9.071000,inf,1.000000,inf
0.000056,3.754000,3.754000,9.071000,9.071000,inf,1.000000,inf
0.000068,3.754000,3.754000,9.071000,9.071000,inf,1.000000,inf
0.000084,3.754000,3.754000,9.071000,9.071000,inf,1.000000,inf
0.000096,3.754000,3.754000,9.071000,9.071000,inf,1.000000,inf
0.000108,3.754000,3.754000,9.071000,9.071000,inf,1.000000,inf
0.000124,3.754000,3.754000,9.071000,9.071000,inf,1.000000,inf
0.000136,3.754000,3.754000,9.071000,9.071000,inf,1.000000,inf
0.000148,3.754000,3.754000,9.071000,9.071000,inf,1.000000,inf
0.000164,3.754000,3.754000,9.071000,9.071000,inf,1.000000,inf
0.000176,3.754000,3.754000,9.071000,9.071000,inf,1.000000,inf
0.000188,3.754000,3.754000,9.071000,9.071000,inf,1.000000,inf
0.000204,3.754000,3.754000,9.071000,9.071000,inf,1.000000,inf
0.000216,3.754000,3.754000,9.071000,9.071000,inf,1.000000,inf
0.000232,3.754000,3.754000,9.071000,9.071000,inf,1.000000,inf
0.000248,3.754000,3.754000,9.071000,9.071000,inf,1.000000,inf
0.000264,3.754000,3.754000,9.071000,9.071000,inf,1.000000,inf
0.000276,3.754000,3.754000,9.071000,9.071000,inf,1.000000,inf
0.000292,3.754000,3.754000,9.071000,9.071000,inf,1.000000,inf
0.000304,3.754000,3.754000,9.071000,9.071000,inf,1.000000,inf
0.000316,3.754000,3.754000,9.071000,9.071000,inf,1.000000,inf
0.000332,3.754000,3.754000,9.071000,9.071000,inf,1.000000,inf
0.000344,3.754000,3.754000,9.071000,9.071000,inf,1.000000,inf
0.000356,3.754000,3.754000,9.071000,9.071000,inf,1.000000,inf
0.000372,3.754000,3.754000,9.071000,9.071000,inf,1.000000,inf
0.000384,3.754000,3.754000,9.071000,9.071000,inf,1.000000,inf
0.000396,3.754000,3.754000,9.071000,9.071000,inf,1.000000,inf
0.000412,3.754000,3.754000,9.071000,9.071000,inf,1.000000,inf
0.000424,3.754000,3.754000,9.071000,9.071000,inf,1.000000,inf
0.000436,3.754000,3.754000,9.071000,9.071000,inf,1.000000,inf
0.000452,3.754000,3.754000,9.071000,9.071000,inf,1.000000,inf
0.000464,3.754000,3.754000,9.071000,9.071000,inf,1.000000,inf
0.000480,3.754000,3.754000,9.071000,9.071000,inf,1.000000,inf
0.000492,3.754000,3.754000,9.071000,9.071000,inf,1.000000,inf
0.000504,3.754000,3.754000,9.071000,9.071000,inf,1.000000,inf
0.000520,3.754000,3.754000,9.071000,9.071000,inf,1.000000,inf
0.000532,3.754000,3.754000,9.071000,9.071000,inf,1.000000,inf
0.000544,3.754000,3.754000,9.071000,9.071000,inf,1.000000,inf
0.000560,3.754000,3.754000,9.071000,9.071000,inf,1.000000,inf
0.000572,3.754000,3.754000,9.071000,9.071000,inf,1.000000,inf
0.000584,3.754000,3.754000,9.071000,9.071000,inf,1.000000,inf
0.000600,3.754000,3.754000,9.071000,9.071000,inf,1.000000,inf
0.000612,3.754000,3.754000,9.071000,9.071000,inf,1.000000,inf
0.000628,3.754000,3.754000,9.071000,9.071000,inf,1.000000,inf
0.000640,3.754000,3.754000,9.071000,9.071000,inf,1.000000,inf
0.000652,3.754000,3.754000,9.071000,9.071000,inf,1.000000,inf
0.000668,3.754000,3.754000,9.071000,9.071000,inf,1.000000,inf
0.000680,3.754000,3.754000,9.071000,9.071000,inf,1.000000,inf
0.000692,3.754000,3.754000,9.071000,9.071000,inf,1.000000,inf
0.000708,3.754000,3.754000,9.071000,9.071000,inf,1.000000,inf
0.000720,3.754000,3.754000,9.071000,9.071000,inf,1.000000,inf
0.000732,3.754000,3.754000,9.071000,9.071000,inf,1.000000,inf
0.000748,3.754000,3.754000,9.071000,9.071000,inf,1.000000,inf
0.000760,3.754000,3.754000,9.071000,9.071000,inf,1.000000,inf
0.000772,3.754000,3.754000,9.071000,9.071000,inf,1.000000,inf
0.000788,3.754000,3.754000,9.071000,9.071000,inf,1.000000,inf
0.000800,3.754000,3.754000,9.071000,9.071000,inf,1.000000,inf
0.000816,3.754000,3.754000,9.071000,9.071000,inf,1.000000,inf
0.000828,3.754000,3.754000,9.071000,9.071000,inf,1.000000,inf
0.000840,3.754000,3.754000,9.071000,9.071000,inf,1.000000,inf
0.000856,3.754000,3.754000,9.071000,9.071000,inf,1.000000,inf
0.000868,3.754000,3.754000,9.071000,9.071000,inf,1.000000,inf
0.000880,3.754000,3.754000,9.071000,9.071000,inf,1.000000,inf
0.000896,3.754000,3.754000,9.071000,9.071000,inf,1.000000,inf
0.000908,3.754000,3.754000,9.071000,9.071000,inf,1.000000,inf
0.000920,3.754000,3.754000,9.071000,9.071000,inf,1.000000,inf
0.000936,3.754000,3.754000,9.071000,9.071000,inf,1.000000,inf
0.000948,3.754000,3.754000,9.071000,9.071000,inf,1.000000,inf
0.000960,3.754000,3.754000,9.071000,9.071000,inf,1.000000,inf
0.000976,3.754000,3.754000,9.071000,9.071000,inf,1.000000,inf
0.000988,3.754000,3.754000,9.071000,9.071000,inf,1.000000,inf
0.001004,3.754000,3.754000,9.071000,9.071000,inf,1.000000,inf
0.001016,3.754000,3.754000,9.071000,9.071000,inf,1.000000,inf
0.001028,3.754000,3.754000,9.071000,9.071000,inf,1.000000,inf
0.001044,3.754000,3.754000,9.071000,9.071000,inf,1.000000,inf
0.001056,3.754000,3.754000,9.071000,9.071000,inf,1.000000,inf
0.001068,3.754000,3.754000,9.071000,9.071000,inf,1.000000,inf
0.001084,3.754000,3.754000,9.071000,9.071000,inf,1.000000,inf
0.001096,3.754000,3.754000,9.071000,9.071000,inf,1.000000,inf
0.001108,3.754000,3.754000,9.071000,9.071000,inf,1.000000,inf
0.001124,3.754000,3.754000,9.071000,9.071000,inf,1.000000,inf
0.001136,3.754000,3.754000,9.071000,9.071000,inf,1.000000,inf
0.001152,3.754000,3.754000,9.071000,9.071000,inf,1.000000,inf
0.001164,3.754000,3.754000,9.071000,9.071000,inf,1.000000,inf
0.001176,3.754000,3.754000,9.071000,9.071000,inf,1.000000,inf
0.001192,3.754000,3.754000,9.071000,9.071000,inf,1.000000,inf
0.001204,3.754000,3.754000,9.071000,9.071000,inf,1.000000,inf
0.001216,3.754000,3.754000,9.071000,9.071000,inf,1.000000,inf
0.001232,3.754000,3.754000,9.071000,9.071000,inf,1.000000,inf
0.001244,3.754000,3.754000,9.071000,9.071000,inf,1.000000,inf
0.001256,3.754000,3.754000,9.071000,9.071000,inf,1.000000,inf
0.001276,3.754000,3.754000,9.071000,9.071000,inf,1.000000,inf
0.001292,3.754000,3.754000,9.071000,9.071000,inf,1.000000,inf
0.001304,3.754000,3.754000,9.071000,9.071000,inf,1.000000,inf
0.001316,3.754000,3.754000,9.071000,9.071000,inf,1.000000,inf
0.001332,3.754000,3.754000,9.071000,9.071000,inf,1.000000,inf
0.001344,3.754000,3.754000,9.071000,9.071000,inf,1.000000,inf
0.001356,3.754000,3.754000,9.071000,9.071000,inf,1.000000,inf
0.001372,3.754000,3.754000,9.071000,9.071000,inf,1.000000,inf
0.001384,3.754000,3.754000,9.071000,9.071000,inf,1.000000,inf
0.001400,3.754000,3.754000,9.071000,9.071000,inf,1.000000,inf
0.001412,3.754000,3.754000,9.071000,9.071000,inf,1.000000,inf
0.001424,3.754000,3.754000,9.071000,9.071000,inf,1.000000,inf
0.001440,3.754000,3.754000,9.071000,9.071000,inf,1.000000,inf
0.001452,3.754000,3.754000,9.071000,9.071000,inf,1.000000,inf
0.001464,3.754000,3.754000,9.071000,9.071000,inf,1.000000,inf
0.001480,3.754000,3.754000,9.071000,9.071000,inf,1.000000,inf
0.001492,3.754000,3.754000,9.071000,9.071000,inf,1.000000,inf
0.001504,3.754000,3.754000,9.071000,9.071000,inf,1.000000,inf
0.001520,3.754000,3.754000,9.071000,9.071000,inf,1.000000,inf
0.001532,3.754000,3.754000,9.071000,9.071000,inf,1.000000,inf
0.001544,3.754000,3.754000,9.071000,9.071000,inf,1.000000,inf
0.001560,3.754000,3.754000,9.071000,9.071000,inf,1.000000,inf
0.001572,3.754000,3.754000,9.071000,9.071000,inf,1.000000,inf
0.001588,3.754000,3.754000,9.071000,9.071000,inf,1.000000,inf
0.001600,3.754000,3.754000,9.071000,9.071000,inf,1.000000,inf
0.001612,3.754000,3.754000,9.071000,9.071000,inf,1.000000,inf
0.001628,3.754000,3.754000,9.071000,9.071000,inf,1.000000,inf
0.001640,3.754000,3.754000,9.071000,9.071000,inf,1.000000,inf
0.001652,3.754000,3.754000,9.071000,9.071000,inf,1.000000,inf
0.001668,3.754000,3.754000,9.071000,9.071000,inf,1.000000,inf
0.001680,3.754000,3.754000,9.071000,9.071000,inf,1.000000,inf
0.001692,3.754000,3.754000,9.071000,9.071000,inf,1.000000,inf
0.001708,3.754000,3.754000,9.071000,9.071000,inf,1.000000,inf
0.001720,3.754000,3.754000,9.071000,9.071000,inf,1.000000,inf
0.001732,3.754000,3.754000,9.071000,9.071000,inf,1.000000,inf
0.001748,3.754000,3.754000,9.071000,9.071000,inf,1.000000,inf
0.001760,3.754000,3.754000,9.071000,9.071000,inf,1.000000,inf
0.000016,3.773000,3.754000,3.978000,0.830000,inf,0.209000,nan
0.000028,3.754000,3.754000,3.978000,0.830000,inf,0.209000,nan
0.000044,3.754000,3.754000,3.978000,0.830000,inf,0.209000,nan
0.000056,3.754000,3.754000,3.978000,0.830000,inf,0.209000,nan
0.000068,3.754000,3.754000,3.978000,0.830000,inf,0.209000,nan
0.000084,3.754000,3.754000,3.978000,0.830000,inf,0.209000,nan
0.000096,3.754000,3.754000,3.978000,0.830000,inf,0.209000,nan
0.000108,3.754000,3.754000,3.978000,0.830000,inf,0.209000,nan
0.000124,3.754000,3.754000,3.978000,0.830000,inf,0.209000,nan
0.000136,3.754000,3.754000,3.978000,0.830000,inf,0.209000,nan
0.000148,3.754000,3.754000,3.978000,0.830000,inf,0.209000,nan
0.000164,3.754000,3.754000,3.978000,0.830000,inf,0.209000,nan
0.000176,3.754000,3.754000,3.978000,0.830000,inf,0.209000,nan
0.000192,3.773000,3.754000,3.978000,0.830000,inf,0.209000,nan
0.000204,3.754000,3.754000,3.978000,0.830000,inf,0.209000,nan
0.000216,3.754000,3.754000,3.978000,0.830000,inf,0.209000,nan
0.000232,3.754000,3.754000,3.978000,0.830000,inf,0.209000,nan
0.000244,3.773000,3.773000,3.978000,0.830000,inf,0.209000,nan
0.000256,3.754000,3.754000,3.978000,0.830000,inf,0.209000,nan
0.000272,3.754000,3.754000,3.978000,0.830000,inf,0.209000,nan
0.000284,3.773000,3.754000,3.978000,0.830000,inf,0.209000,nan
0.000296,3.754000,3.754000,3.978000,0.830000,inf,0.209000,nan
0.000312,3.754000,3.754000,3.978000,0.830000,inf,0.209000,nan
0.000324,3.754000,3.754000,3.978000,0.830000,inf,0.209000,nan
0.000336,3.754000,3.754000,3.978000,0.830000,inf,0.209000,nan
0.000352,3.754000,3.773000,3.978000,0.830000,inf,0.209000,nan
0.000364,3.754000,3.754000,3.978000,0.830000,inf,0.209000,nan
0.000380,3.754000,3.754000,3.978000,0.830000,inf,0.209000,nan
0.000392,3.754000,3.754000,3.978000,0.830000,inf,0.209000,nan
0.000404,3.754000,3.754000,3.978000,0.830000,inf,0.209000,nan
0.000420,3.754000,3.754000,3.978000,0.830000,inf,0.209000,nan
0.000432,3.754000,3.754000,3.978000,0.830000,inf,0.209000,nan
0.000444,3.754000,3.754000,3.978000,0.830000,inf,0.209000,nan
0.000460,3.754000,3.754000,3.978000,0.830000,inf,0.209000,nan
0.000472,3.754000,3.754000,3.978000,0.830000,inf,0.209000,nan
0.000484,3.754000,3.754000,3.978000,0.830000,inf,0.209000,nan
0.000500,3.773000,3.754000,3.978000,0.830000,inf,0.209000,nan
0.000512,3.754000,3.754000,3.978000,0.830000,inf,0.209000,nan
0.000528,3.754000,3.754000,3.978000,0.830000,inf,0.209000,nan
0.000540,3.754000,3.754000,3.978000,0.830000,inf,0.209000,nan
0.000552,3.754000,3.754000,3.978000,0.830000,inf,0.209000,nan
0.000568,3.754000,3.754000,3.978000,0.830000,inf,0.209000,nan
0.000580,3.754000,3.754000,3.978000,0.830000,inf,0.209000,nan
0.000592,3.773000,3.754000,3.978000,0.830000,inf,0.209000,nan
0.000608,3.754000,3.754000,3.978000,0.830000,inf,0.209000,nan
0.000620,3.754000,3.754000,3.978000,0.830000,inf,0.209000,nan
0.000632,3.754000,3.773000,3.978000,0.830000,inf,0.209000,nan
0.000648,3.754000,3.754000,3.978000,0.830000,inf,0.209000,nan
0.000660,3.754000,3.754000,3.978000,0.830000,inf,0.209000,nan
0.000672,3.754000,3.754000,3.978000,0.830000,inf,0.209000,nan
0.000688,3.754000,3.754000,3.978000,0.830000,inf,0.209000,nan
0.000700,3.754000,3.754000,3.978000,0.830000,inf,0.209000,nan
0.000716,3.754000,3.754000,3.978000,0.830000,inf,0.209000,nan
0.000728,3.754000,3.754000,3.978000,0.830000,inf,0.209000,nan
0.000740,3.754000,3.754000,3.978000,0.830000,inf,0.209000,nan
0.000756,3.754000,3.754000,3.978000,0.830000,inf,0.209000,nan
0.000768,3.754000,3.773000,3.978000,0.830000,inf,0.209000,nan
0.000780,3.754000,3.754000,3.978000,0.830000,inf,0.209000,nan
0.000796,3.754000,3.754000,3.978000,0.830000,inf,0.209000,nan
0.000808,3.754000,3.754000,3.978000,0.830000,inf,0.209000,nan
0.000820,3.754000,3.754000,3.978000,0.830000,inf,0.209000,nan
0.000836,3.754000,3.754000,3.978000,0.830000,inf,0.209000,nan
0.000848,3.754000,3.754000,3.978000,0.830000,inf,0.209000,nan
0.000860,3.754000,3.754000,3.978000,0.830000,inf,0.209000,nan
0.000876,3.754000,3.754000,3.978000,0.830000,inf,0.209000,nan
0.000888,3.754000,3.754000,3.978000,0.830000,inf,0.209000,nan
0.000904,3.754000,3.754000,3.978000,0.830000,inf,0.209000,nan
0.000916,3.754000,3.754000,3.978000,0.830000,inf,0.209000,nan
0.000928,3.754000,3.754000,3.978000,0.830000,inf,0.209000,nan
0.000944,3.754000,3.754000,3.978000,0.830000,inf,0.209000,nan
0.000956,3.754000,3.754000,3.978000,0.830000,inf,0.209000,nan
0.000968,3.754000,3.754000,3.978000,0.830000,inf,0.209000,nan
0.000984,3.754000,3.754000,3.978000,0.830000,inf,0.209000,nan
0.000996,3.754000,3.754000,3.978000,0.830000,inf,0.209000,nan
0.001016,3.754000,3.754000,3.978000,0.830000,inf,0.209000,nan
0.001028,3.754000,3.754000,3.978000,0.830000,inf,0.209000,nan
0.001044,3.754000,3.754000,3.978000,0.830000,inf,0.209000,nan
0.001056,3.754000,3.754000,3.978000,0.830000,inf,0.209000,nan
0.001068,3.754000,3.754000,3.978000,0.830000,inf,0.209000,nan
0.001084,3.754000,3.754000,3.978000,0.830000,inf,0.209000,nan
0.001096,3.754000,3.754000,3.978000,0.830000,inf,0.209000,nan
0.001108,3.754000,3.754000,3.978000,0.830000,inf,0.209000,nan
0.001124,3.754000,3.754000,3.978000,0.830000,inf,0.209000,nan
0.001136,3.754000,3.754000,3.978000,0.830000,inf,0.209000,nan
0.001152,3.754000,3.754000,3.978000,0.830000,inf,0.209000,nan
0.001164,3.754000,3.754000,3.978000,0.830000,inf,0.209000,nan
0.001176,3.754000,3.754000,3.978000,0.830000,inf,0.209000,nan
0.001192,3.754000,3.754000,3.978000,0.830000,inf,0.209000,nan
0.001204,3.754000,3.754000,3.978000,0.830000,inf,0.209000,nan
0.001216,3.754000,3.754000,3.978000,0.830000,inf,0.209000,nan
0.001232,3.754000,3.754000,3.978000,0.830000,inf,0.209000,nan
0.001244,3.754000,3.754000,3.978000,0.830000,inf,0.209000,nan
0.001256,3.754000,3.754000,3.978000,0.830000,inf,0.209000,nan
0.001272,3.773000,3.754000,3.978000,0.830000,inf,0.209000,nan
0.001284,3.754000,3.754000,3.978000,0.830000,inf,0.209000,nan
0.001300,3.754000,3.754000,3.978000,0.830000,inf,0.209000,nan
0.001312,3.754000,3.754000,3.978000,0.830000,inf,0.209000,nan
0.001324,3.754000,3.754000,3.978000,0.830000,inf,0.209000,nan
0.001340,3.754000,3.754000,3.978000,0.830000,inf,0.209000,nan
0.001352,3.754000,3.754000,3.978000,0.830000,inf,0.209000,nan
0.001364,3.754000,3.754000,3.978000,0.830000,inf,0.209000,nan
0.001380,3.754000,3.754000,3.978000,0.830000,inf,0.209000,nan
0.001392,3.754000,3.754000,3.978000,0.830000,inf,0.209000,nan
0.001404,3.754000,3.754000,3.978000,0.830000,inf,0.209000,nan
0.001420,3.754000,3.754000,3.978000,0.830000,inf,0.209000,nan
0.001432,3.754000,3.754000,3.978000,0.830000,inf,0.209000,nan
0.001444,3.754000,3.754000,3.978000,0.830000,inf,0.209000,nan
0.001460,3.754000,3.754000,3.978000,0.830000,inf,0.209000,nan
0.001472,3.754000,3.754000,3.978000,0.830000,inf,0.209000,nan
0.001488,3.754000,3.754000,3.978000,0.830000,inf,0.209000,nan
0.001500,3.754000,3.754000,3.978000,0.830000,inf,0.209000,nan
0.001512,3.754000,3.754000,3.978000,0.830000,inf,0.209000,nan
0.001528,3.754000,3.754000,3.978000,0.830000,inf,0.209000,nan
0.001540,3.754000,3.754000,3.978000,0.830000,inf,0.209000,nan
0.001552,3.754000,3.754000,3.978000,0.830000,inf,0.209000,nan
0.001568,3.754000,3.754000,3.978000,0.830000,inf,0.209000,nan
0.001580,3.754000,3.754000,3.978000,0.830000,inf,0.209000,nan
0.001592,3.754000,3.754000,3.978000,0.830000,inf,0.209000,nan
0.001608,3.754000,3.754000,3.978000,0.830000,inf,0.209000,nan
0.001620,3.754000,3.754000,3.978000,0.830000,inf,0.209000,nan
0.001632,3.754000,3.754000,3.978000,0.830000,inf,0.209000,nan
0.001648,3.754000,3.754000,3.978000,0.830000,inf,0.209000,nan
0.001660,3.754000,3.754000,3.978000,0.830000,inf,0.209000,nan
0.001676,3.754000,3.754000,3.978000,0.830000,inf,0.209000,nan
0.001688,3.754000,3.754000,3.978000,0.830000,inf,0.209000,nan
0.001700,3.754000,3.754000,3.978000,0.830000,inf,0.209000,nan
0.001716,3.754000,3.754000,3.978000,0.830000,inf,0.209000,nan
0.001728,3.754000,3.754000,3.978000,0.830000,inf,0.209000,nan
0.001740,3.754000,3.754000,3.978000,0.830000,inf,0.209000,nan
0.001756,3.754000,3.754000,3.978000,0.830000,inf,0.209000,nan
0.000016,3.754000,3.754000,0.953000,0.830000,0.000000,0.871000,30719.800000
0.000028,3.754000,3.754000,0.953000,0.830000,0.000000,0.871000,30719.800000
0.000040,3.754000,3.754000,0.953000,0.830000,0.000000,0.871000,30719.800000
0.000056,3.754000,3.754000,0.953000,0.830000,0.000000,0.871000,30719.800000
0.000068,3.754000,3.754000,0.953000,0.830000,0.000000,0.871000,30719.800000
0.000080,3.754000,3.754000,0.953000,0.830000,0.000000,0.871000,30719.800000
0.000096,3.754000,3.754000,0.953000,0.830000,0.000000,0.871000,30719.800000
0.000108,3.754000,3.754000,0.953000,0.830000,0.000000,0.871000,30719.800000
0.000120,3.754000,3.754000,0.953000,0.830000,0.000000,0.871000,30719.800000
0.000136,3.754000,3.754000,0.953000,0.830000,0.000000,0.871000,30719.800000
0.000148,3.754000,3.754000,0.953000,0.830000,0.000000,0.871000,30719.800000
0.000164,3.754000,3.754000,0.953000,0.830000,0.000000,0.871000,30719.800000
0.000176,3.754000,3.754000,0.953000,0.830000,0.000000,0.871000,30719.800000
0.000188,3.754000,3.754000,0.953000,0.830000,0.000000,0.871000,30719.800000
0.000204,3.754000,3.754000,0.953000,0.830000,0.000000,0.871000,30719.800000
0.000216,3.754000,3.754000,0.953000,0.830000,0.000000,0.871000,30719.800000
0.000228,3.754000,3.754000,0.953000,0.830000,0.000000,0.871000,30719.800000
0.000244,3.754000,3.754000,0.953000,0.830000,0.000000,0.871000,30719.800000
0.000256,3.754000,3.754000,0.953000,0.830000,0.000000,0.871000,30719.800000
0.000268,3.754000,3.754000,0.953000,0.830000,0.000000,0.871000,30719.800000
0.000284,3.754000,3.754000,0.953000,0.830000,0.000000,0.871000,30719.800000
0.000296,3.754000,3.754000,0.953000,0.830000,0.000000,0.871000,30719.800000
0.000312,3.754000,3.754000,0.953000,0.830000,0.000000,0.871000,30719.800000
0.000324,3.754000,3.754000,0.953000,0.830000,0.000000,0.871000,30719.800000
0.000336,3.754000,3.754000,0.953000,0.830000,0.000000,0.871000,30719.800000
0.000352,3.754000,3.754000,0.953000,0.830000,0.000000,0.871000,30719.800000
0.000372,3.754000,3.754000,0.953000,0.830000,0.000000,0.871000,30719.800000
0.000384,3.754000,3.754000,0.953000,0.830000,0.000000,0.871000,30719.800000
0.000396,3.773000,3.754000,0.953000,0.830000,0.000000,0.871000,30719.800000
0.000412,3.754000,3.754000,0.953000,0.830000,0.000000,0.871000,30719.800000
0.000424,3.754000,3.754000,0.953000,0.830000,0.000000,0.871000,30719.800000
0.000436,3.754000,3.754000,0.953000,0.830000,0.000000,0.871000,30719.800000
0.000452,3.754000,3.754000,0.953000,0.830000,0.000000,0.871000,30719.800000
0.000464,3.754000,3.754000,0.953000,0.830000,0.000000,0.871000,30719.800000
0.000476,3.754000,3.754000,0.953000,0.830000,0.000000,0.871000,30719.800000
0.000492,3.754000,3.754000,0.953000,0.830000,0.000000,0.871000,30719.800000
0.000504,3.754000,3.754000,0.953000,0.830000,0.000000,0.871000,30719.800000
0.000520,3.754000,3.754000,0.953000,0.830000,0.000000,0.871000,30719.800000
0.000532,3.754000,3.754000,0.953000,0.830000,0.000000,0.871000,30719.800000
0.000544,3.754000,3.754000,0.953000,0.830000,0.000000,0.871000,30719.800000
0.000560,3.754000,3.754000,0.953000,0.830000,0.000000,0.871000,30719.800000
0.000572,3.754000,3.754000,0.953000,0.830000,0.000000,0.871000,30719.800000
0.000584,3.754000,3.754000,0.953000,0.830000,0.000000,0.871000,30719.800000
0.000600,3.754000,3.754000,0.953000,0.830000,0.000000,0.871000,30719.800000
0.000612,3.754000,3.754000,0.953000,0.830000,0.000000,0.871000,30719.800000
0.000624,3.754000,3.754000,0.953000,0.830000,0.000000,0.871000,30719.800000
0.000640,3.754000,3.754000,0.953000,0.830000,0.000000,0.871000,30719.800000
0.000652,3.754000,3.754000,0.953000,0.830000,0.000000,0.871000,30719.800000
0.000664,3.754000,3.754000,0.953000,0.830000,0.000000,0.871000,30719.800000
0.000680,3.754000,3.754000,0.953000,0.830000,0.000000,0.871000,30719.800000
0.000692,3.754000,3.754000,0.953000,0.830000,0.000000,0.871000,30719.800000
0.000708,3.754000,3.754000,0.953000,0.830000,0.000000,0.871000,30719.800000
0.000720,3.754000,3.754000,0.953000,0.830000,0.000000,0.871000,30719.800000
0.000732,3.754000,3.754000,0.953000,0.830000,0.000000,0.871000,30719.800000
0.000748,3.754000,3.754000,0.953000,0.830000,0.000000,0.871000,30719.800000
0.000760,3.754000,3.754000,0.953000,0.830000,0.000000,0.871000,30719.800000
0.000772,3.754000,3.754000,0.953000,0.830000,0.000000,0.871000,30719.800000
0.000788,3.754000,3.754000,0.953000,0.830000,0.000000,0.871000,30719.800000
0.000800,3.754000,3.754000,0.953000,0.830000,0.000000,0.871000,30719.800000
0.000812,3.754000,3.754000,0.953000,0.830000,0.000000,0.871000,30719.800000
0.000828,3.754000,3.754000,0.953000,0.830000,0.000000,0.871000,30719.800000
0.000840,3.754000,3.754000,0.953000,0.830000,0.000000,0.871000,30719.800000
0.000852,3.754000,3.754000,0.953000,0.830000,0.000000,0.871000,30719.800000
0.000868,3.754000,3.754000,0.953000,0.830000,0.000000,0.871000,30719.800000
0.000880,3.754000,3.754000,0.953000,0.830000,0.000000,0.871000,30719.800000
0.000896,3.754000,3.754000,0.953000,0.830000,0.000000,0.871000,30719.800000
0.000908,3.754000,3.754000,0.953000,0.830000,0.000000,0.871000,30719.800000
0.000920,3.754000,3.754000,0.953000,0.830000,0.000000,0.871000,30719.800000
0.000936,3.754000,3.754000,0.953000,0.830000,0.000000,0.871000,30719.800000
0.000948,3.754000,3.754000,0.953000,0.830000,0.000000,0.871000,30719.800000
0.000960,3.754000,3.754000,0.953000,0.830000,0.000000,0.871000,30719.800000
0.000976,3.754000,3.754000,0.953000,0.830000,0.000000,0.871000,30719.800000
0.000988,3.754000,3.754000,0.953000,0.830000,0.000000,0.871000,30719.800000
0.001000,3.754000,3.754000,0.953000,0.830000,0.000000,0.871000,30719.800000
0.001016,3.754000,3.754000,0.953000,0.830000,0.000000,0.871000,30719.800000
0.001028,3.754000,3.754000,0.953000,0.830000,0.000000,0.871000,30719.800000
0.001044,3.754000,3.754000,0.953000,0.830000,0.000000,0.871000,30719.800000
0.001056,3.754000,3.754000,0.953000,0.830000,0.000000,0.871000,30719.800000
0.001068,3.754000,3.754000,0.953000,0.830000,0.000000,0.871000,30719.800000
0.001084,3.754000,3.754000,0.953000,0.830000,0.000000,0.871000,30719.800000
0.001096,3.754000,3.754000,0.953000,0.830000,0.000000,0.871000,30719.800000
0.001108,3.754000,3.754000,0.953000,0.830000,0.000000,0.871000,30719.800000
0.001124,3.754000,3.754000,0.953000,0.830000,0.000000,0.871000,30719.800000
0.001136,3.754000,3.754000,0.953000,0.830000,0.000000,0.871000,30719.800000
0.001148,3.754000,3.754000,0.953000,0.830000,0.000000,0.871000,30719.800000
0.001164,3.754000,3.754000,0.953000,0.830000,0.000000,0.871000,30719.800000
0.001176,3.754000,3.754000,0.953000,0.830000,0.000000,0.871000,30719.800000
0.001188,3.754000,3.754000,0.953000,0.830000,0.000000,0.871000,30719.800000
0.001204,3.754000,3.754000,0.953000,0.830000,0.000000,0.871000,30719.800000
0.001216,3.754000,3.754000,0.953000,0.830000,0.000000,0.871000,30719.800000
0.001232,3.754000,3.754000,0.953000,0.830000,0.000000,0.871000,30719.800000
0.001244,3.754000,3.754000,0.953000,0.830000,0.000000,0.871000,30719.800000
0.001256,3.754000,3.754000,0.953000,0.830000,0.000000,0.871000,30719.800000
0.001272,3.754000,3.754000,0.953000,0.830000,0.000000,0.871000,30719.800000
0.001284,3.754000,3.754000,0.953000,0.830000,0.000000,0.871000,30719.800000
0.001296,3.754000,3.754000,0.953000,0.830000,0.000000,0.871000,30719.800000
0.001312,3.754000,3.773000,0.953000,0.830000,0.000000,0.871000,30719.800000
0.001324,3.754000,3.754000,0.953000,0.830000,0.000000,0.871000,30719.800000
0.001336,3.754000,3.773000,0.953000,0.830000,0.000000,0.871000,30719.800000
0.001352,3.754000,3.754000,0.953000,0.830000,0.000000,0.871000,30719.800000
0.001364,3.754000,3.754000,0.953000,0.830000,0.000000,0.871000,30719.800000
0.001384,3.754000,3.754000,0.953000,0.830000,0.000000,0.871000,30719.800000
0.001396,3.754000,3.754000,0.953000,0.830000,0.000000,0.871000,30719.800000
0.001408,3.754000,3.754000,0.953000,0.830000,0.000000,0.871000,30719.800000
0.001424,3.754000,3.754000,0.953000,0.830000,0.000000,0.871000,30719.800000
0.001436,3.754000,3.754000,0.953000,0.830000,0.000000,0.871000,30719.800000
0.001448,3.754000,3.754000,0.953000,0.830000,0.000000,0.871000,30719.800000
0.001464,3.754000,3.754000,0.953000,0.830000,0.000000,0.871000,30719.800000
0.001476,3.754000,3.754000,0.953000,0.830000,0.000000,0.871000,30719.800000
0.001488,3.754000,3.754000,0.953000,0.830000,0.000000,0.871000,30719.800000
0.001504,3.754000,3.754000,0.953000,0.830000,0.000000,0.871000,30719.800000
0.001516,3.754000,3.754000,0.953000,0.830000,0.000000,0.871000,30719.800000
0.001532,3.754000,3.754000,0.953000,0.830000,0.000000,0.871000,30719.800000
0.001544,3.754000,3.754000,0.953000,0.830000,0.000000,0.871000,30719.800000
0.001556,3.754000,3.754000,0.953000,0.830000,0.000000,0.871000,30719.800000
0.001572,3.754000,3.754000,0.953000,0.830000,0.000000,0.871000,30719.800000
0.001584,3.754000,3.754000,0.953000,0.830000,0.000000,0.871000,30719.800000
0.001596,3.754000,3.754000,0.953000,0.830000,0.000000,0.871000,30719.800000
0.001612,3.754000,3.773000,0.953000,0.830000,0.000000,0.871000,30719.800000
0.001624,3.754000,3.754000,0.953000,0.830000,0.000000,0.871000,30719.800000
0.001636,3.754000,3.754000,0.953000,0.830000,0.000000,0.871000,30719.800000
0.001652,3.754000,3.754000,0.953000,0.830000,0.000000,0.871000,30719.800000
0.001664,3.754000,3.754000,0.953000,0.830000,0.000000,0.871000,30719.800000
0.001676,3.754000,3.754000,0.953000,0.830000,0.000000,0.871000,30719.800000
0.001692,3.754000,3.773000,0.953000,0.830000,0.000000,0.871000,30719.800000
0.001704,3.754000,3.754000,0.953000,0.830000,0.000000,0.871000,30719.800000
0.001720,3.754000,3.754000,0.953000,0.830000,0.000000,0.871000,30719.800000
0.001732,3.754000,3.754000,0.953000,0.830000,0.000000,0.871000,30719.800000
0.001744,3.754000,3.754000,0.953000,0.830000,0.000000,0.871000,30719.800000
0.001760,3.754000,3.754000,0.953000,0.830000,0.000000,0.871000,30719.800000
